userID,movieID,rating,timeStamp
19,3,1,19050711
274,209,8,19050711
352,224,4,19050709
40,99,1,19050710
183,359,3,19050707
44,388,0,19050703
258,193,0,19050704
444,75,5,19050710
486,203,4,19050703
39,251,3,19050704
423,173,9,19050704
377,1,9,19050702
342,466,2,19050710
473,128,2,19050702
234,317,0,19050702
388,67,9,19050710
128,430,5,19050707
421,212,5,19050708
170,432,7,19050704
45,458,5,19050710
34,432,0,19050702
33,414,9,19050710
341,223,8,19050702
102,129,3,19050702
282,159,8,19050711
486,448,2,19050707
236,344,1,19050707
382,324,8,19050707
418,476,7,19050704
257,346,4,19050711
208,203,3,19050707
131,170,1,19050703
73,77,3,19050711
198,184,2,19050702
220,74,3,19050703
404,345,7,19050707
193,360,1,19050702
9,400,1,19050702
87,366,2,19050708
302,72,8,19050706
312,480,9,19050705
250,125,8,19050711
240,484,7,19050705
17,160,2,19050707
439,316,9,19050711
336,115,4,19050705
157,265,5,19050710
54,142,0,19050711
345,178,6,19050704
150,372,6,19050702
324,499,3,19050702
334,44,1,19050706
343,63,0,19050709
193,277,6,19050710
205,342,1,19050706
233,47,3,19050710
470,103,8,19050711
29,164,3,19050710
190,270,9,19050710
298,37,2,19050705
2,50,7,19050704
352,76,0,19050710
70,468,0,19050706
65,336,6,19050711
306,261,3,19050710
356,37,8,19050705
344,164,4,19050703
440,149,8,19050707
419,390,0,19050711
473,469,1,19050703
479,421,1,19050703
6,199,4,19050708
126,308,4,19050711
112,219,3,19050710
328,293,2,19050703
176,32,8,19050707
374,1,5,19050711
330,57,4,19050703
92,300,0,19050709
344,176,5,19050703
240,20,8,19050708
311,44,0,19050709
35,80,2,19050704
406,362,6,19050708
341,182,1,19050708
415,384,0,19050705
475,127,8,19050709
197,56,4,19050706
314,312,3,19050704
195,29,9,19050705
246,274,4,19050704
361,378,6,19050703
321,426,1,19050702
309,211,9,19050706
317,405,8,19050704
402,274,4,19050705
243,226,2,19050703
22,120,6,19050705
286,240,0,19050703
308,163,5,19050702
115,74,0,19050702
194,412,0,19050705
103,181,4,19050708
275,240,3,19050702
468,308,0,19050705
445,142,8,19050702
412,115,7,19050705
103,109,3,19050709
415,426,1,19050705
336,355,0,19050703
134,466,1,19050708
431,106,1,19050704
329,466,0,19050709
294,460,8,19050703
213,180,4,19050710
465,359,5,19050702
400,458,0,19050711
107,268,0,19050703
415,471,1,19050706
256,36,9,19050706
200,138,9,19050711
224,341,9,19050709
107,279,6,19050710
181,309,1,19050709
208,466,3,19050710
294,174,8,19050708
267,464,3,19050709
125,177,6,19050702
402,124,4,19050711
453,228,3,19050707
238,413,2,19050711
420,390,6,19050710
360,181,4,19050706
343,55,7,19050709
269,213,3,19050704
147,432,4,19050707
6,271,1,19050706
358,207,4,19050710
224,304,2,19050708
136,228,3,19050707
372,230,2,19050705
72,337,0,19050710
141,249,7,19050709
476,191,4,19050710
374,204,5,19050706
120,198,3,19050706
344,39,0,19050705
215,412,4,19050705
393,385,7,19050711
488,317,4,19050708
118,301,7,19050706
125,326,7,19050709
382,134,3,19050711
372,447,7,19050708
136,144,3,19050710
252,118,1,19050703
213,138,7,19050706
436,131,7,19050705
27,173,7,19050705
355,453,9,19050706
286,308,4,19050706
387,454,2,19050709
85,105,8,19050702
205,86,9,19050703
61,57,9,19050703
214,76,8,19050707
383,443,9,19050708
237,338,7,19050708
363,322,2,19050702
193,470,1,19050707
302,294,4,19050707
331,250,8,19050704
328,83,0,19050709
284,467,5,19050702
344,374,9,19050710
282,194,8,19050710
57,150,9,19050702
388,280,7,19050708
284,6,2,19050710
425,36,6,19050707
188,430,0,19050705
279,46,9,19050710
38,229,2,19050708
47,171,5,19050709
360,266,3,19050702
162,332,5,19050706
204,335,3,19050708
172,132,5,19050708
67,248,6,19050706
362,120,9,19050704
45,339,5,19050704
111,157,4,19050708
143,212,4,19050706
366,194,4,19050708
428,236,7,19050703
343,260,5,19050710
326,476,8,19050710
222,161,9,19050707
330,0,2,19050707
31,399,9,19050704
395,29,0,19050703
175,112,9,19050706
82,434,8,19050707
381,412,1,19050711
344,164,8,19050710
216,433,0,19050705
181,112,8,19050711
109,316,9,19050704
454,59,8,19050702
359,164,2,19050708
404,55,1,19050710
354,120,0,19050705
314,493,0,19050708
169,163,7,19050705
342,204,3,19050711
341,372,7,19050709
256,361,1,19050711
471,430,3,19050709
197,92,1,19050710
164,0,3,19050702
19,483,7,19050711
252,97,5,19050711
208,26,8,19050704
449,297,8,19050711
43,58,6,19050708
361,350,6,19050707
2,146,4,19050709
335,171,5,19050708
471,137,0,19050709
116,441,0,19050708
16,342,0,19050707
466,476,0,19050707
374,346,4,19050711
482,116,7,19050709
214,135,6,19050702
178,168,3,19050703
335,307,2,19050709
299,356,1,19050703
481,281,8,19050710
267,181,1,19050711
135,1,3,19050702
292,156,6,19050711
108,273,9,19050707
332,413,6,19050702
203,275,6,19050703
494,116,7,19050703
492,171,3,19050705
438,316,7,19050709
42,77,1,19050709
0,499,2,19050706
416,203,9,19050703
176,277,2,19050702
114,52,6,19050702
381,155,7,19050710
320,406,8,19050705
284,101,5,19050710
85,239,1,19050705
254,58,7,19050705
474,405,1,19050705
394,220,3,19050705
153,226,2,19050709
136,129,6,19050708
303,488,9,19050702
21,124,6,19050704
163,58,7,19050711
220,221,8,19050703
289,32,9,19050702
307,90,7,19050702
170,210,5,19050710
129,428,7,19050704
341,496,1,19050702
305,189,5,19050709
161,120,4,19050709
69,70,7,19050710
418,157,0,19050706
346,415,4,19050708
351,494,2,19050706
131,424,1,19050706
124,481,5,19050703
275,420,7,19050706
304,193,8,19050702
329,375,9,19050710
272,470,5,19050702
296,408,0,19050707
75,92,9,19050711
437,283,6,19050705
245,392,8,19050711
257,228,9,19050707
292,389,7,19050704
129,130,3,19050710
422,165,5,19050708
491,417,9,19050702
473,295,4,19050703
441,476,4,19050703
319,0,8,19050703
473,457,8,19050702
406,483,5,19050703
286,386,8,19050705
405,58,4,19050703
140,58,6,19050706
87,61,5,19050708
258,30,1,19050708
324,83,9,19050704
41,288,7,19050709
229,27,5,19050707
32,474,7,19050707
419,387,0,19050709
471,496,2,19050705
343,19,7,19050711
471,461,0,19050707
323,314,7,19050709
212,344,9,19050703
53,451,0,19050704
466,2,1,19050711
496,479,0,19050706
163,207,7,19050711
470,275,9,19050707
328,432,8,19050710
111,57,1,19050706
111,201,7,19050705
84,235,0,19050710
462,365,1,19050711
331,343,2,19050710
76,248,8,19050708
221,243,7,19050706
234,31,5,19050703
324,398,3,19050705
224,168,1,19050710
277,195,8,19050706
278,62,7,19050703
243,104,5,19050703
43,107,1,19050711
8,401,9,19050710
18,38,0,19050702
284,429,0,19050710
309,115,7,19050708
112,218,8,19050710
114,207,4,19050710
380,256,0,19050711
290,55,5,19050703
168,378,4,19050703
348,464,2,19050707
419,168,2,19050705
122,416,6,19050708
293,221,0,19050710
327,96,6,19050708
205,42,6,19050711
191,304,4,19050703
298,403,4,19050706
171,66,9,19050703
243,247,4,19050710
392,361,1,19050707
332,119,3,19050709
268,117,7,19050704
113,68,9,19050703
464,155,0,19050708
37,354,7,19050702
419,266,2,19050710
397,495,6,19050710
492,450,1,19050706
38,403,9,19050705
167,72,5,19050706
91,251,6,19050705
175,416,1,19050708
351,113,5,19050702
141,182,5,19050709
89,312,0,19050709
197,482,2,19050703
487,78,7,19050711
474,204,3,19050705
55,178,1,19050708
61,401,9,19050707
215,275,2,19050709
74,480,6,19050705
316,129,8,19050711
146,89,7,19050708
210,421,2,19050705
498,342,1,19050707
468,97,8,19050707
15,352,3,19050702
308,241,5,19050705
202,239,8,19050709
211,303,0,19050711
119,286,0,19050708
379,352,8,19050707
244,431,6,19050707
168,370,2,19050705
402,277,0,19050703
63,239,7,19050702
372,355,0,19050711
74,2,8,19050703
461,347,6,19050709
231,432,5,19050710
430,352,7,19050704
18,170,9,19050707
2,75,5,19050703
487,330,1,19050705
345,480,6,19050709
460,254,8,19050704
467,46,9,19050706
51,83,8,19050704
466,450,7,19050706
284,181,5,19050703
333,271,3,19050711
282,150,0,19050708
94,161,9,19050709
118,478,1,19050703
182,350,3,19050703
435,422,0,19050706
74,179,0,19050704
76,475,5,19050708
376,224,6,19050703
344,455,3,19050704
291,88,3,19050703
344,344,1,19050702
237,61,0,19050710
437,320,8,19050709
157,36,2,19050704
480,355,9,19050707
87,62,0,19050704
329,39,8,19050707
412,1,4,19050709
54,164,4,19050705
332,241,0,19050708
322,405,0,19050702
222,379,2,19050705
447,444,4,19050704
41,364,8,19050704
12,171,3,19050706
230,437,6,19050710
54,238,6,19050704
383,201,1,19050704
93,317,7,19050704
181,23,8,19050703
250,430,1,19050706
450,146,4,19050703
75,274,1,19050703
334,371,2,19050711
57,20,2,19050711
370,479,2,19050707
442,221,2,19050709
423,230,6,19050703
410,28,7,19050702
29,436,7,19050703
473,483,7,19050708
261,474,2,19050705
136,138,4,19050704
497,278,0,19050710
236,195,0,19050707
110,484,4,19050707
287,467,9,19050704
356,127,3,19050710
131,333,2,19050702
469,163,4,19050704
94,275,5,19050702
329,124,8,19050702
382,174,4,19050708
245,167,1,19050704
493,496,7,19050708
479,197,1,19050702
456,143,9,19050703
201,374,3,19050707
327,67,4,19050709
249,316,7,19050711
330,177,8,19050704
114,200,6,19050706
248,427,1,19050710
85,98,6,19050710
151,342,9,19050705
249,350,2,19050704
377,490,8,19050709
405,470,2,19050702
204,197,9,19050702
415,417,9,19050711
306,310,9,19050704
474,257,6,19050711
170,370,9,19050711
394,224,4,19050710
493,433,6,19050708
496,256,3,19050708
2,414,1,19050706
87,493,2,19050705
126,192,6,19050703
303,347,4,19050711
172,476,3,19050709
369,177,1,19050703
194,419,3,19050707
248,235,5,19050703
232,258,4,19050704
20,179,4,19050708
401,82,3,19050704
60,312,1,19050704
214,338,3,19050707
426,332,0,19050710
93,470,9,19050708
392,396,3,19050709
93,214,2,19050703
22,45,5,19050705
70,227,5,19050710
153,262,3,19050711
59,498,5,19050709
303,388,0,19050703
28,43,9,19050706
79,334,5,19050705
93,237,9,19050711
100,496,1,19050710
498,430,5,19050710
150,53,8,19050706
352,259,0,19050705
376,72,4,19050705
207,118,8,19050710
385,205,3,19050708
365,174,6,19050705
114,335,9,19050706
177,226,1,19050706
67,108,5,19050710
170,68,4,19050709
431,418,5,19050703
165,490,4,19050705
162,310,8,19050710
468,438,9,19050705
154,48,9,19050703
289,264,6,19050708
205,69,3,19050704
94,494,6,19050711
155,355,7,19050704
384,414,8,19050702
411,430,4,19050706
456,406,3,19050707
278,44,4,19050710
32,456,3,19050708
390,443,8,19050706
11,470,3,19050705
232,460,1,19050706
119,74,3,19050711
398,172,1,19050708
271,67,8,19050704
15,394,9,19050711
185,401,9,19050708
427,69,6,19050706
120,190,1,19050708
250,322,3,19050710
171,359,8,19050703
124,88,5,19050702
323,140,2,19050704
336,312,6,19050704
385,187,9,19050708
208,330,7,19050704
92,480,5,19050705
53,293,7,19050711
131,368,6,19050709
360,217,9,19050704
255,200,8,19050711
373,466,7,19050702
468,483,0,19050705
116,440,7,19050703
467,5,4,19050710
192,17,7,19050702
320,182,9,19050710
347,499,7,19050708
303,36,2,19050711
382,29,5,19050706
256,301,5,19050704
96,306,5,19050709
375,112,6,19050710
363,32,8,19050711
322,315,0,19050710
438,124,7,19050706
228,36,4,19050708
189,73,2,19050707
290,78,2,19050708
183,470,1,19050706
306,272,2,19050711
428,69,9,19050706
210,356,9,19050711
3,218,3,19050702
115,154,8,19050704
365,374,4,19050710
288,313,3,19050707
132,276,4,19050711
343,358,2,19050702
109,396,1,19050709
36,152,4,19050707
333,81,2,19050709
99,132,6,19050710
440,37,2,19050709
68,26,6,19050711
375,156,2,19050708
189,43,7,19050706
171,441,6,19050709
476,205,7,19050702
320,425,8,19050707
153,165,7,19050705
130,169,5,19050711
115,318,0,19050709
64,279,4,19050711
120,467,2,19050705
247,2,3,19050706
362,103,6,19050703
232,79,3,19050708
80,356,1,19050703
473,49,4,19050707
434,195,6,19050705
404,319,3,19050703
439,168,7,19050709
344,479,7,19050711
473,237,9,19050702
0,185,1,19050705
146,382,6,19050706
43,198,7,19050706
217,402,7,19050702
235,47,0,19050709
442,329,2,19050710
448,173,8,19050702
441,400,9,19050707
139,161,6,19050702
24,287,0,19050703
161,417,2,19050704
231,232,6,19050704
302,333,7,19050710
315,25,9,19050703
360,471,3,19050708
15,120,5,19050709
356,57,7,19050702
385,475,5,19050710
182,413,9,19050704
473,458,5,19050703
225,305,5,19050709
341,101,2,19050706
390,279,3,19050707
220,458,2,19050710
367,285,0,19050709
150,445,6,19050709
463,123,1,19050707
2,193,0,19050710
163,402,0,19050706
268,357,4,19050711
105,176,8,19050709
471,477,0,19050703
398,220,1,19050708
275,465,2,19050704
466,68,1,19050702
215,111,1,19050705
180,1,6,19050706
312,136,7,19050711
188,19,1,19050710
173,252,9,19050705
398,220,8,19050711
376,360,3,19050702
468,272,5,19050704
387,247,1,19050702
443,469,9,19050704
491,488,9,19050707
133,334,5,19050709
199,292,0,19050708
33,168,6,19050702
331,492,7,19050703
38,424,7,19050703
325,340,5,19050705
303,163,3,19050705
388,120,7,19050710
6,196,4,19050710
415,45,3,19050707
101,407,5,19050709
236,433,6,19050707
324,381,3,19050708
380,180,2,19050710
488,447,9,19050705
313,453,4,19050711
372,387,9,19050703
266,12,3,19050711
118,260,3,19050711
223,278,6,19050709
259,161,9,19050707
10,255,6,19050706
256,256,7,19050707
429,175,5,19050703
25,389,4,19050706
303,481,0,19050702
242,385,7,19050705
146,412,9,19050707
139,207,8,19050711
381,89,1,19050709
151,131,1,19050704
120,243,2,19050705
234,149,7,19050710
288,348,6,19050703
167,62,0,19050707
382,342,3,19050706
467,52,5,19050709
22,380,3,19050709
218,227,2,19050704
63,465,2,19050709
281,294,6,19050707
375,215,2,19050710
351,464,7,19050706
421,286,6,19050708
175,315,9,19050707
294,350,2,19050703
349,431,7,19050702
296,413,7,19050711
214,378,4,19050705
307,141,1,19050703
449,336,5,19050702
343,493,7,19050708
161,117,9,19050708
430,106,9,19050703
417,249,7,19050702
90,239,8,19050707
180,135,4,19050704
482,325,7,19050710
345,403,4,19050704
487,326,6,19050709
71,17,2,19050709
6,147,0,19050702
277,435,8,19050708
224,381,3,19050709
263,329,5,19050706
421,56,8,19050706
302,149,5,19050708
409,31,1,19050703
357,183,1,19050709
120,32,5,19050706
355,302,8,19050702
292,236,4,19050702
61,221,8,19050706
395,15,9,19050705
35,445,5,19050706
191,240,6,19050709
21,253,4,19050708
34,275,3,19050710
4,219,2,19050709
453,175,0,19050708
299,332,2,19050702
457,327,3,19050704
37,103,7,19050704
154,447,1,19050705
106,216,0,19050704
492,427,8,19050711
222,304,7,19050704
437,323,3,19050704
377,437,0,19050702
80,319,4,19050705
496,127,2,19050703
437,181,3,19050711
399,461,0,19050707
43,349,9,19050707
129,33,4,19050708
13,282,0,19050711
234,6,9,19050704
46,241,3,19050711
438,203,8,19050710
53,179,1,19050704
106,288,4,19050703
225,258,9,19050711
272,136,2,19050706
320,275,4,19050703
121,238,9,19050707
220,290,6,19050705
464,208,2,19050702
242,315,4,19050707
364,333,5,19050710
268,394,8,19050706
146,359,3,19050710
487,6,0,19050710
254,34,9,19050707
168,428,7,19050708
120,101,9,19050702
400,70,8,19050708
77,417,8,19050704
251,252,0,19050709
386,252,5,19050710
426,43,9,19050710
166,212,2,19050707
86,248,5,19050711
488,189,8,19050708
347,229,4,19050708
204,308,6,19050707
358,116,5,19050711
147,350,8,19050704
61,151,4,19050703
88,355,1,19050711
197,71,6,19050704
340,140,1,19050705
418,116,1,19050702
317,339,7,19050703
280,463,4,19050705
132,365,4,19050702
155,24,7,19050708
405,197,5,19050709
122,382,3,19050706
35,19,0,19050704
58,479,4,19050711
154,270,6,19050705
38,234,7,19050704
233,220,5,19050705
71,304,2,19050705
45,344,0,19050706
139,403,7,19050702
303,136,3,19050711
162,280,8,19050704
385,275,7,19050708
97,315,3,19050708
365,218,3,19050702
96,46,4,19050702
36,443,1,19050704
116,358,4,19050705
161,413,3,19050706
234,466,9,19050706
203,384,3,19050708
185,64,3,19050707
202,262,2,19050705
257,262,2,19050709
239,245,6,19050710
31,295,0,19050703
94,363,3,19050707
174,460,7,19050705
166,453,6,19050702
281,356,4,19050703
306,291,2,19050702
408,422,0,19050707
134,414,1,19050704
495,290,4,19050705
149,231,2,19050711
324,146,5,19050704
388,472,0,19050704
93,244,9,19050702
79,474,0,19050707
34,319,5,19050704
437,441,0,19050707
337,26,5,19050704
257,63,5,19050703
359,6,9,19050703
281,405,4,19050704
423,263,2,19050708
85,282,4,19050710
236,482,0,19050703
408,374,3,19050710
98,73,3,19050705
485,248,6,19050702
498,148,9,19050711
255,262,7,19050704
203,414,1,19050707
208,453,6,19050707
376,312,7,19050702
260,179,6,19050702
455,343,0,19050702
486,290,2,19050708
303,204,4,19050703
74,494,2,19050705
64,18,5,19050703
71,40,4,19050705
130,231,7,19050707
189,473,1,19050708
260,411,7,19050703
280,111,2,19050703
279,311,6,19050703
489,69,1,19050705
78,190,7,19050705
107,157,9,19050708
51,288,5,19050702
317,200,3,19050708
184,64,8,19050707
141,87,4,19050710
163,239,7,19050706
460,145,1,19050702
372,88,3,19050708
496,47,4,19050702
130,330,5,19050702
484,62,5,19050711
184,154,0,19050711
285,401,7,19050711
273,345,7,19050706
334,92,1,19050707
205,447,4,19050704
213,393,5,19050708
432,71,0,19050710
194,245,2,19050711
117,385,7,19050703
193,31,0,19050708
312,188,0,19050704
0,407,7,19050711
459,40,3,19050707
95,320,9,19050707
165,398,9,19050710
65,431,2,19050708
260,365,3,19050704
334,50,4,19050711
116,470,7,19050704
300,73,9,19050702
393,392,9,19050702
472,136,1,19050707
441,186,8,19050703
106,161,0,19050709
336,376,1,19050710
11,318,8,19050704
189,386,3,19050710
259,53,6,19050709
485,380,6,19050710
374,71,6,19050711
325,123,8,19050709
173,62,7,19050710
104,246,7,19050706
174,480,1,19050709
150,128,9,19050703
218,91,3,19050711
193,325,1,19050705
159,237,8,19050710
461,176,3,19050709
189,478,8,19050706
219,333,5,19050708
291,369,1,19050704
417,350,3,19050702
270,321,6,19050705
145,22,7,19050710
362,144,0,19050703
378,17,7,19050707
341,220,9,19050704
274,319,6,19050706
499,270,3,19050707
438,407,7,19050710
282,9,5,19050710
29,372,7,19050709
253,210,9,19050708
384,286,1,19050702
46,112,2,19050709
265,169,2,19050711
101,487,3,19050702
157,201,7,19050704
95,330,8,19050702
348,477,3,19050704
66,458,7,19050706
160,335,5,19050702
118,396,7,19050711
331,193,8,19050707
21,384,8,19050706
109,252,4,19050709
87,33,7,19050708
456,358,4,19050706
298,70,3,19050710
343,285,7,19050702
195,92,4,19050708
375,111,2,19050704
191,468,4,19050709
230,441,7,19050706
376,249,0,19050704
422,288,5,19050709
291,460,6,19050703
7,26,2,19050705
68,313,8,19050702
269,377,1,19050705
165,307,3,19050704
450,280,0,19050709
217,468,1,19050709
162,282,1,19050703
175,124,3,19050707
413,464,4,19050702
417,73,6,19050705
124,428,2,19050711
2,94,8,19050710
315,455,5,19050708
315,18,5,19050708
385,299,5,19050702
201,416,6,19050706
132,309,7,19050705
60,369,2,19050703
187,225,5,19050704
171,435,0,19050709
128,29,0,19050702
334,368,2,19050709
269,102,1,19050708
413,79,1,19050707
254,477,5,19050707
30,127,9,19050709
93,66,2,19050705
8,406,7,19050705
199,41,9,19050706
168,108,8,19050708
394,414,9,19050707
164,118,2,19050708
406,251,4,19050709
310,337,3,19050704
337,6,6,19050704
57,307,0,19050707
238,477,8,19050708
180,148,5,19050708
222,67,2,19050709
329,350,0,19050704
324,422,6,19050702
339,159,2,19050706
158,396,7,19050707
21,356,4,19050708
197,137,4,19050705
224,264,2,19050711
208,205,9,19050708
254,423,3,19050703
279,103,1,19050706
12,148,8,19050704
374,239,8,19050703
237,282,8,19050709
203,124,3,19050707
461,475,3,19050703
121,419,4,19050711
397,105,6,19050706
315,61,2,19050707
344,160,4,19050704
427,453,9,19050708
108,333,8,19050711
242,193,1,19050704
206,325,5,19050708
216,251,0,19050702
478,383,4,19050709
442,134,5,19050710
341,291,8,19050708
376,490,6,19050710
137,481,6,19050706
133,112,1,19050702
291,266,3,19050711
129,151,6,19050704
19,354,5,19050703
412,188,3,19050702
470,44,5,19050710
130,132,8,19050705
231,437,2,19050703
211,330,5,19050706
388,285,2,19050710
333,384,4,19050707
217,447,5,19050706
119,197,1,19050704
485,113,1,19050708
109,259,7,19050710
334,316,9,19050702
303,212,9,19050709
494,423,5,19050710
147,195,2,19050706
290,417,4,19050709
354,71,0,19050711
306,26,9,19050707
229,277,1,19050709
66,469,0,19050709
375,468,0,19050702
325,108,3,19050707
22,49,2,19050709
474,120,4,19050703
282,216,6,19050710
338,479,9,19050702
129,469,8,19050710
129,31,5,19050704
271,368,5,19050704
148,387,5,19050710
105,355,8,19050704
92,368,9,19050707
163,477,9,19050711
87,389,0,19050705
307,284,5,19050703
310,12,5,19050704
266,98,9,19050705
472,18,5,19050708
364,122,4,19050711
194,392,2,19050709
206,253,6,19050710
3,289,7,19050704
365,112,4,19050704
445,323,5,19050711
413,332,9,19050709
157,408,9,19050710
444,101,0,19050705
447,314,4,19050705
363,120,8,19050706
199,499,2,19050710
397,404,9,19050708
214,300,9,19050703
422,347,3,19050708
17,459,4,19050711
111,344,6,19050706
321,39,8,19050703
453,294,6,19050703
165,198,5,19050706
363,406,1,19050709
77,196,7,19050708
134,33,7,19050706
315,370,4,19050709
234,483,8,19050704
394,99,1,19050711
467,34,6,19050705
354,412,6,19050702
191,99,2,19050704
183,365,2,19050705
50,317,9,19050703
375,144,6,19050703
284,166,4,19050704
317,0,6,19050702
179,397,2,19050705
230,493,2,19050702
421,311,0,19050711
259,329,4,19050710
445,72,9,19050704
445,236,3,19050704
420,332,6,19050710
430,285,9,19050710
16,68,6,19050704
412,145,8,19050709
375,34,7,19050708
420,275,2,19050705
239,245,7,19050702
346,98,8,19050705
478,499,4,19050711
480,86,2,19050709
435,473,7,19050709
279,186,3,19050704
259,250,9,19050708
323,21,7,19050704
471,246,3,19050711
231,182,3,19050709
454,269,0,19050710
481,6,0,19050707
363,133,7,19050711
19,364,1,19050704
138,130,3,19050711
110,320,3,19050709
74,211,6,19050704
274,263,8,19050704
292,461,6,19050706
344,59,4,19050708
102,287,0,19050703
70,207,8,19050702
189,208,4,19050702
33,283,2,19050711
197,63,4,19050710
455,204,0,19050710
178,254,8,19050710
62,250,8,19050703
140,420,6,19050710
449,228,8,19050707
31,364,9,19050702
107,225,7,19050709
317,363,4,19050702
428,81,6,19050704
177,207,4,19050702
189,150,3,19050705
224,202,2,19050711
141,58,5,19050703
479,371,3,19050705
303,417,5,19050711
254,322,1,19050702
367,438,2,19050703
163,345,6,19050707
40,371,5,19050711
21,167,3,19050703
442,22,4,19050711
88,222,2,19050710
178,358,6,19050707
232,92,1,19050705
486,208,9,19050707
271,220,1,19050708
342,46,7,19050706
363,235,9,19050710
318,376,6,19050707
351,483,8,19050711
390,250,4,19050707
264,265,5,19050703
398,492,5,19050703
190,119,0,19050709
294,144,3,19050703
426,129,4,19050703
120,289,9,19050709
140,71,5,19050705
169,395,2,19050706
119,288,8,19050705
275,477,4,19050704
319,483,9,19050711
375,56,6,19050706
139,152,3,19050710
147,406,5,19050709
122,259,8,19050711
486,99,6,19050702
472,418,9,19050708
215,138,5,19050704
217,227,1,19050710
322,1,1,19050709
200,225,4,19050703
17,54,6,19050707
30,378,7,19050710
211,272,5,19050704
292,434,7,19050702
14,361,4,19050709
275,370,6,19050703
171,372,6,19050703
353,401,6,19050702
63,287,3,19050703
236,401,2,19050709
347,410,9,19050708
291,13,2,19050707
60,284,8,19050704
80,116,3,19050703
27,161,9,19050706
481,341,2,19050708
168,485,6,19050707
152,66,8,19050708
321,86,5,19050709
266,335,6,19050705
319,16,6,19050709
241,499,1,19050705
379,149,9,19050710
333,90,8,19050704
152,405,4,19050702
356,209,2,19050707
225,44,4,19050706
207,395,2,19050706
28,420,4,19050711
372,463,2,19050706
289,138,5,19050710
406,394,4,19050710
94,124,9,19050708
373,15,8,19050711
326,170,7,19050709
138,373,0,19050709
38,445,0,19050702
473,297,0,19050711
376,419,9,19050707
9,230,8,19050707
114,242,5,19050708
408,154,3,19050707
311,478,2,19050708
154,277,6,19050710
125,461,8,19050705
274,47,1,19050709
488,160,0,19050707
478,100,7,19050703
96,297,2,19050705
218,294,6,19050708
353,429,0,19050710
294,395,2,19050704
72,299,8,19050708
316,400,5,19050702
274,238,4,19050702
420,155,4,19050703
19,321,0,19050704
296,396,4,19050702
344,289,9,19050708
408,235,8,19050709
355,313,4,19050710
237,366,3,19050711
358,458,4,19050706
281,31,3,19050705
14,458,0,19050702
392,215,0,19050709
361,5,1,19050705
85,423,1,19050707
486,305,2,19050707
8,292,7,19050707
160,289,9,19050708
53,212,5,19050704
221,382,1,19050707
3,186,7,19050707
315,460,8,19050709
36,331,8,19050706
56,104,9,19050704
336,139,5,19050705
370,371,6,19050710
163,115,1,19050702
264,316,1,19050708
54,451,5,19050704
158,211,8,19050710
263,21,8,19050703
131,174,3,19050709
92,1,6,19050708
414,304,2,19050706
325,459,0,19050703
80,332,3,19050702
161,203,1,19050710
51,283,5,19050702
205,10,9,19050706
316,309,8,19050711
303,493,7,19050710
182,15,6,19050709
55,230,7,19050704
365,137,0,19050708
281,412,2,19050703
230,187,0,19050711
485,322,1,19050711
388,437,9,19050704
219,212,3,19050709
55,158,7,19050708
304,215,1,19050708
370,142,0,19050704
164,116,6,19050709
113,218,2,19050711
302,283,6,19050711
209,301,3,19050704
315,32,5,19050710
470,131,8,19050709
383,298,4,19050706
390,62,3,19050707
226,489,8,19050707
338,413,8,19050709
47,447,9,19050706
421,23,1,19050704
468,248,0,19050703
125,459,1,19050710
108,378,3,19050707
304,91,3,19050705
310,200,7,19050708
3,113,3,19050702
306,251,5,19050711
391,226,2,19050708
401,454,5,19050711
103,40,4,19050705
227,46,2,19050704
433,203,0,19050711
453,395,8,19050708
220,286,6,19050702
223,365,5,19050710
201,437,9,19050710
232,113,7,19050707
410,191,0,19050702
41,149,8,19050706
429,179,5,19050711
148,122,3,19050711
481,192,6,19050702
498,143,9,19050711
17,374,1,19050707
260,27,8,19050710
354,246,1,19050711
495,406,5,19050711
135,482,1,19050706
360,193,1,19050704
74,182,0,19050704
286,97,4,19050704
135,307,2,19050711
408,344,8,19050708
305,63,1,19050702
213,280,5,19050704
291,114,9,19050710
339,205,6,19050707
36,56,5,19050711
146,127,3,19050707
64,149,1,19050703
2,82,0,19050705
240,292,6,19050709
490,190,2,19050709
70,19,6,19050705
362,247,5,19050708
327,321,8,19050709
325,143,4,19050709
98,145,5,19050706
21,466,4,19050703
5,321,1,19050704
178,487,3,19050707
212,300,2,19050706
85,152,8,19050705
387,187,2,19050709
269,425,9,19050705
283,448,4,19050708
283,251,1,19050706
62,469,5,19050710
90,82,6,19050711
40,388,2,19050708
481,344,9,19050711
294,477,8,19050708
361,85,7,19050711
94,39,3,19050705
38,195,0,19050703
217,256,4,19050705
398,185,1,19050706
245,140,1,19050708
388,434,9,19050702
206,312,6,19050708
393,418,7,19050710
207,185,8,19050703
294,60,2,19050711
97,437,4,19050703
154,178,2,19050703
69,47,4,19050705
345,288,9,19050707
463,12,1,19050711
148,42,8,19050706
15,397,0,19050705
418,137,8,19050711
375,126,2,19050705
265,230,2,19050709
154,137,7,19050705
318,470,8,19050702
250,155,9,19050705
260,335,9,19050707
307,215,5,19050702
211,396,1,19050706
107,318,8,19050711
180,43,2,19050707
386,108,5,19050703
337,67,3,19050711
198,97,5,19050702
400,447,3,19050709
240,350,8,19050707
15,349,5,19050710
318,372,7,19050710
332,407,8,19050710
70,442,2,19050706
447,116,0,19050707
233,3,5,19050710
112,481,3,19050709
392,62,6,19050704
306,299,5,19050703
63,7,2,19050705
496,75,8,19050710
361,428,7,19050706
286,293,5,19050708
483,287,2,19050702
147,349,6,19050711
459,473,9,19050708
465,253,6,19050702
167,89,6,19050704
331,340,9,19050707
67,81,4,19050706
366,473,7,19050711
217,444,3,19050707
282,238,5,19050708
87,214,4,19050705
387,344,7,19050707
190,202,5,19050703
460,176,5,19050704
213,51,5,19050709
248,26,3,19050705
104,465,2,19050711
166,258,4,19050710
98,365,8,19050707
198,193,2,19050704
364,134,5,19050709
62,322,1,19050707
464,311,4,19050709
391,413,7,19050706
300,54,5,19050702
257,16,3,19050702
246,462,5,19050708
23,1,7,19050710
12,205,8,19050706
319,422,5,19050708
264,364,5,19050706
250,5,1,19050702
214,275,9,19050705
149,160,0,19050706
192,321,5,19050707
312,144,4,19050711
362,414,8,19050703
27,256,5,19050706
207,77,3,19050702
67,65,6,19050709
212,489,4,19050710
256,288,5,19050707
490,421,4,19050704
74,73,9,19050708
390,14,3,19050704
191,363,5,19050711
10,148,5,19050704
105,389,5,19050706
356,438,5,19050702
81,34,9,19050705
158,182,9,19050708
256,374,6,19050708
106,9,6,19050704
354,161,7,19050703
446,162,6,19050708
301,228,4,19050707
229,152,8,19050706
182,359,2,19050710
347,61,7,19050706
30,57,7,19050703
298,13,7,19050711
335,35,7,19050705
203,154,8,19050711
454,321,8,19050702
294,302,8,19050709
266,88,7,19050710
314,109,7,19050704
56,8,9,19050711
477,172,2,19050702
176,419,0,19050702
79,121,0,19050709
73,124,5,19050711
326,183,2,19050707
11,22,6,19050702
435,123,5,19050707
168,238,0,19050709
406,452,0,19050706
492,352,8,19050710
429,444,6,19050703
435,326,9,19050707
229,7,1,19050708
265,114,7,19050705
168,424,2,19050702
246,436,2,19050707
185,281,3,19050708
421,79,4,19050706
439,436,9,19050706
476,449,8,19050703
376,499,5,19050705
375,391,4,19050705
2,139,5,19050708
151,128,7,19050708
390,366,8,19050702
15,65,4,19050708
242,1,1,19050707
419,454,4,19050708
216,172,8,19050709
431,33,8,19050705
379,409,9,19050710
200,81,0,19050707
15,398,7,19050710
426,93,3,19050704
207,400,7,19050706
107,357,2,19050706
312,427,9,19050710
359,127,6,19050710
430,68,2,19050704
304,383,1,19050706
106,325,6,19050710
288,243,2,19050709
255,91,4,19050709
420,38,9,19050711
180,313,5,19050707
8,284,7,19050705
454,158,8,19050702
73,255,3,19050702
56,480,5,19050711
279,498,5,19050704
96,115,1,19050707
463,429,9,19050708
220,280,0,19050708
265,497,6,19050709
320,494,5,19050702
272,472,3,19050703
224,209,8,19050705
3,234,3,19050707
70,81,5,19050708
49,72,3,19050708
276,79,1,19050708
179,254,6,19050703
291,348,3,19050703
36,451,9,19050709
7,110,4,19050707
375,223,2,19050707
408,317,2,19050708
340,396,6,19050705
356,67,6,19050702
11,296,9,19050704
263,270,1,19050711
279,466,3,19050709
167,335,4,19050707
36,146,8,19050711
137,254,3,19050706
110,70,8,19050710
58,387,1,19050703
227,40,5,19050704
285,392,2,19050705
370,367,5,19050709
346,121,8,19050704
499,382,7,19050703
201,119,1,19050710
405,8,8,19050704
23,50,6,19050707
269,34,2,19050708
428,27,3,19050711
339,454,1,19050704
195,29,6,19050704
224,469,0,19050706
294,149,8,19050711
315,22,9,19050705
442,170,3,19050709
488,221,2,19050709
470,386,6,19050711
70,474,6,19050704
284,244,1,19050703
71,201,7,19050702
66,485,7,19050702
290,415,3,19050709
262,432,3,19050707
380,466,1,19050711
138,414,2,19050711
64,263,4,19050705
457,392,4,19050711
10,320,1,19050705
66,362,3,19050706
242,68,8,19050702
350,189,3,19050711
315,258,3,19050709
139,408,0,19050711
195,139,3,19050707
114,69,7,19050706
286,346,8,19050703
354,215,3,19050707
484,92,8,19050710
61,62,6,19050703
19,99,4,19050706
248,174,2,19050707
157,109,1,19050707
159,459,1,19050702
7,417,1,19050706
450,461,6,19050705
426,272,6,19050710
32,215,2,19050703
64,371,9,19050709
499,273,6,19050708
247,61,3,19050705
248,55,2,19050706
384,171,3,19050711
163,145,7,19050706
67,342,7,19050709
121,397,7,19050703
376,218,2,19050707
479,468,0,19050704
425,153,3,19050711
447,314,9,19050709
146,429,7,19050702
205,318,2,19050704
151,34,3,19050707
52,204,9,19050702
396,270,8,19050709
160,304,6,19050706
39,254,5,19050702
100,337,5,19050705
141,63,0,19050703
405,366,5,19050706
443,112,6,19050703
496,142,6,19050706
91,19,4,19050708
381,329,9,19050704
301,305,2,19050711
58,414,8,19050711
214,78,9,19050708
287,194,4,19050702
448,46,2,19050702
201,92,9,19050710
353,492,9,19050710
69,258,1,19050703
363,497,2,19050707
180,321,5,19050709
420,492,2,19050711
110,5,8,19050703
452,448,2,19050704
165,476,0,19050710
396,298,4,19050707
408,272,1,19050711
448,66,5,19050706
431,447,9,19050702
203,149,1,19050710
340,212,2,19050705
358,454,6,19050708
375,181,9,19050708
163,222,1,19050704
173,406,4,19050709
134,23,3,19050707
74,85,8,19050708
218,258,3,19050710
276,408,4,19050707
217,379,6,19050710
197,418,8,19050708
457,225,4,19050707
357,457,4,19050704
0,141,9,19050711
419,169,6,19050711
104,231,0,19050702
448,100,5,19050709
379,97,8,19050703
297,166,5,19050708
279,291,7,19050704
407,401,5,19050704
377,391,6,19050709
49,439,3,19050704
406,283,1,19050707
103,390,8,19050709
245,42,8,19050703
74,360,2,19050708
456,194,8,19050704
367,49,3,19050709
457,281,6,19050704
54,340,2,19050706
459,250,8,19050705
108,122,9,19050708
69,498,1,19050708
169,457,9,19050703
483,216,7,19050702
37,0,4,19050702
465,24,4,19050706
497,464,9,19050706
144,92,5,19050704
95,364,7,19050707
285,364,3,19050708
254,113,0,19050704
2,155,4,19050711
77,63,0,19050702
483,33,8,19050702
189,95,7,19050704
406,467,4,19050704
46,405,4,19050703
122,398,9,19050703
56,218,6,19050704
268,476,5,19050703
220,284,6,19050711
459,404,3,19050702
397,146,3,19050707
454,156,2,19050706
167,411,3,19050709
126,227,4,19050706
147,417,6,19050704
221,326,6,19050706
90,170,6,19050703
261,408,8,19050702
51,448,1,19050702
442,61,9,19050702
138,130,1,19050703
364,107,0,19050710
240,138,5,19050704
153,36,9,19050710
359,313,4,19050707
420,309,9,19050703
115,286,9,19050706
131,292,5,19050705
132,441,4,19050708
91,392,9,19050704
164,286,3,19050702
15,483,2,19050703
100,366,2,19050705
178,149,8,19050706
430,110,7,19050704
254,215,2,19050710
61,469,4,19050711
336,130,0,19050711
38,449,0,19050706
101,159,7,19050710
407,79,1,19050710
89,435,8,19050711
299,162,3,19050703
327,120,1,19050709
487,44,6,19050705
493,143,7,19050705
392,18,0,19050707
138,349,6,19050710
451,239,8,19050707
99,129,9,19050711
263,386,8,19050711
204,495,7,19050703
38,298,6,19050708
422,325,9,19050703
194,479,2,19050709
443,347,9,19050703
373,196,6,19050708
80,375,2,19050704
464,34,6,19050708
35,121,5,19050703
126,107,4,19050711
176,15,6,19050706
268,213,9,19050705
282,185,8,19050703
456,375,6,19050704
291,463,5,19050704
183,325,1,19050707
293,442,7,19050705
282,20,0,19050711
391,211,5,19050710
192,478,0,19050704
44,250,9,19050707
301,272,5,19050707
129,491,2,19050707
428,146,0,19050708
486,202,4,19050710
336,243,1,19050711
87,343,2,19050704
190,80,6,19050707
497,314,9,19050710
323,159,3,19050708
293,388,0,19050705
74,405,8,19050706
262,152,9,19050702
127,249,6,19050703
10,181,5,19050708
97,389,8,19050702
280,458,9,19050708
190,336,7,19050710
492,129,7,19050703
133,412,7,19050704
467,171,3,19050707
215,106,3,19050708
40,444,5,19050710
113,266,0,19050704
371,232,6,19050702
149,116,5,19050702
228,187,1,19050703
418,335,2,19050704
217,30,2,19050710
464,44,4,19050709
445,97,3,19050707
277,430,7,19050708
496,31,2,19050705
25,173,7,19050702
477,38,0,19050702
220,263,1,19050702
71,34,8,19050705
128,279,3,19050705
99,466,8,19050703
62,12,6,19050711
323,483,2,19050705
193,397,3,19050705
299,462,5,19050710
136,106,4,19050705
109,406,8,19050708
307,363,4,19050709
386,312,6,19050702
499,73,6,19050709
289,41,2,19050710
47,347,8,19050705
458,451,6,19050704
451,342,7,19050710
204,411,3,19050703
451,78,1,19050706
44,139,7,19050710
218,414,8,19050703
69,144,0,19050711
220,326,5,19050705
31,67,6,19050702
195,113,9,19050708
444,490,8,19050707
398,319,4,19050706
183,362,2,19050703
225,108,3,19050711
419,359,7,19050707
381,54,8,19050707
321,13,1,19050704
209,56,4,19050709
440,286,2,19050704
457,148,3,19050708
37,376,2,19050704
123,248,3,19050708
184,467,6,19050703
200,103,8,19050703
310,327,2,19050709
465,208,5,19050711
194,322,8,19050709
489,315,7,19050711
391,190,6,19050707
55,192,7,19050703
197,90,7,19050709
474,156,7,19050707
476,134,6,19050706
358,100,1,19050703
71,104,7,19050703
451,194,7,19050707
92,410,9,19050704
60,434,0,19050706
181,208,4,19050705
148,221,6,19050702
56,179,6,19050708
306,289,5,19050709
468,352,1,19050708
150,415,6,19050709
171,375,0,19050707
456,54,9,19050710
66,244,9,19050706
110,459,0,19050708
491,60,2,19050711
296,319,3,19050705
177,65,1,19050711
294,280,3,19050710
476,336,3,19050703
322,384,1,19050707
326,323,9,19050705
291,256,7,19050705
436,333,2,19050703
42,186,0,19050702
241,54,6,19050708
210,215,3,19050706
333,40,8,19050709
460,474,5,19050705
444,246,7,19050703
238,37,9,19050705
150,310,1,19050706
489,67,1,19050703
21,285,2,19050707
273,10,8,19050708
421,256,0,19050710
249,264,6,19050707
179,403,9,19050702
388,283,7,19050710
67,493,6,19050709
491,10,8,19050703
57,1,2,19050709
200,24,9,19050703
227,23,8,19050711
24,446,8,19050707
212,121,8,19050703
305,368,2,19050702
472,235,5,19050710
241,99,2,19050705
192,87,1,19050705
205,322,0,19050709
133,386,3,19050710
489,376,8,19050708
90,399,7,19050706
447,47,6,19050704
369,61,3,19050709
57,69,8,19050707
437,465,1,19050703
171,294,8,19050706
8,148,9,19050703
43,246,6,19050706
320,454,7,19050710
62,339,2,19050709
499,16,4,19050707
460,132,6,19050703
32,430,3,19050704
363,208,9,19050710
91,465,1,19050708
489,344,4,19050704
172,324,6,19050711
268,34,0,19050705
47,224,4,19050710
193,247,5,19050711
480,179,2,19050708
343,15,2,19050710
135,305,0,19050707
357,349,3,19050704
4,471,5,19050707
439,429,6,19050706
472,475,3,19050707
233,213,0,19050704
190,359,9,19050707
92,366,4,19050706
19,12,4,19050704
98,172,9,19050705
39,201,7,19050703
232,82,1,19050710
105,345,4,19050710
203,19,1,19050706
440,452,7,19050707
40,69,9,19050703
169,459,2,19050705
146,333,6,19050702
142,181,2,19050702
384,149,9,19050710
60,66,1,19050709
169,88,4,19050709
456,190,5,19050703
393,47,3,19050704
271,452,3,19050709
197,57,7,19050704
316,75,7,19050707
215,172,7,19050710
76,442,3,19050703
355,127,5,19050706
44,334,0,19050710
278,5,9,19050708
343,222,3,19050702
175,343,6,19050704
11,409,0,19050704
314,164,9,19050704
423,109,8,19050705
385,299,6,19050711
6,407,3,19050705
28,265,7,19050707
418,24,4,19050703
102,257,3,19050709
44,217,5,19050711
18,156,8,19050704
364,224,8,19050706
365,486,1,19050706
455,416,1,19050709
46,375,3,19050711
391,379,8,19050703
50,414,8,19050703
344,103,2,19050705
251,389,8,19050707
342,92,3,19050704
236,96,6,19050707
222,465,3,19050703
43,109,2,19050709
288,171,1,19050705
147,467,1,19050704
5,322,7,19050708
309,411,8,19050704
330,88,8,19050708
136,261,4,19050711
278,247,7,19050707
459,273,8,19050707
439,133,4,19050709
158,494,4,19050711
258,483,8,19050704
170,292,6,19050708
148,210,7,19050705
110,236,3,19050704
182,267,1,19050704
269,61,4,19050705
344,411,3,19050704
418,350,9,19050706
308,175,4,19050703
217,446,0,19050704
332,122,9,19050705
97,158,9,19050709
30,277,1,19050707
439,177,4,19050708
370,73,0,19050708
490,228,7,19050705
481,84,2,19050710
454,356,4,19050711
393,9,5,19050710
224,54,7,19050710
277,82,7,19050704
337,182,1,19050711
381,142,0,19050709
216,434,3,19050705
111,371,5,19050702
240,49,1,19050711
316,445,8,19050702
349,55,2,19050711
439,300,8,19050703
483,166,8,19050703
391,205,1,19050706
275,365,8,19050710
220,264,3,19050706
203,421,5,19050703
453,364,2,19050710
101,10,1,19050704
489,225,2,19050710
319,205,5,19050703
494,250,5,19050702
11,223,9,19050704
209,13,6,19050703
187,494,4,19050706
274,200,7,19050710
34,316,2,19050706
99,146,8,19050703
10,304,3,19050706
356,141,7,19050706
170,376,3,19050707
466,139,0,19050708
319,273,0,19050704
257,195,3,19050709
41,116,9,19050703
110,298,9,19050709
386,33,9,19050703
13,337,7,19050704
378,342,7,19050702
251,360,0,19050711
373,66,5,19050709
136,296,0,19050708
212,271,9,19050704
71,275,0,19050706
231,179,6,19050703
52,437,0,19050710
435,42,0,19050711
108,175,6,19050707
264,361,9,19050706
452,218,0,19050706
195,100,6,19050710
234,405,2,19050708
234,194,9,19050702
414,42,7,19050704
467,396,1,19050704
392,285,4,19050703
97,409,5,19050710
178,90,2,19050703
303,199,3,19050708
2,443,8,19050709
239,374,4,19050706
280,4,2,19050704
179,279,4,19050707
54,265,9,19050705
208,297,9,19050705
107,193,8,19050705
323,399,6,19050711
333,324,4,19050706
6,499,8,19050706
49,10,0,19050711
358,445,7,19050711
329,182,0,19050707
259,302,3,19050704
485,235,7,19050706
286,225,3,19050707
94,263,3,19050708
131,59,9,19050705
391,108,0,19050708
61,26,3,19050707
95,100,6,19050710
464,31,7,19050703
243,281,5,19050702
67,41,8,19050705
127,104,6,19050711
416,478,2,19050710
366,39,1,19050705
41,410,7,19050707
475,365,1,19050706
139,65,7,19050706
56,340,8,19050705
121,166,4,19050707
394,23,0,19050704
364,343,2,19050708
76,347,2,19050705
147,33,7,19050704
131,495,3,19050706
320,367,3,19050708
472,115,2,19050708
233,44,8,19050705
72,268,6,19050706
323,190,2,19050705
313,410,3,19050704
73,20,7,19050703
466,108,0,19050705
103,416,1,19050709
374,276,7,19050703
139,411,4,19050707
19,223,2,19050706
236,465,1,19050704
207,415,0,19050707
228,126,4,19050711
327,254,0,19050705
351,67,5,19050702
83,371,2,19050706
227,481,9,19050709
437,150,7,19050705
90,187,4,19050709
485,438,5,19050710
378,218,0,19050711
199,346,5,19050711
96,171,2,19050706
392,34,6,19050707
399,208,7,19050709
229,127,5,19050708
466,44,1,19050703
444,289,9,19050710
18,174,3,19050708
349,25,4,19050706
484,159,3,19050711
118,138,6,19050706
303,117,5,19050702
295,159,3,19050702
342,367,1,19050711
429,216,8,19050711
497,261,1,19050703
136,211,0,19050705
208,28,2,19050710
412,47,7,19050704
354,379,6,19050711
315,55,9,19050707
442,133,9,19050710
319,137,9,19050703
361,378,7,19050705
197,348,5,19050706
158,484,0,19050706
353,103,7,19050707
100,96,0,19050704
110,264,1,19050702
156,73,6,19050711
266,73,0,19050704
412,273,6,19050702
453,82,6,19050709
321,117,7,19050707
446,386,3,19050703
438,207,9,19050703
98,3,6,19050711
474,153,0,19050709
397,173,9,19050706
15,1,0,19050710
70,83,0,19050707
481,382,7,19050703
123,439,4,19050704
69,173,8,19050704
210,274,7,19050705
298,357,2,19050702
397,27,6,19050708
253,361,6,19050706
447,480,7,19050710
445,32,6,19050711
24,330,8,19050708
124,276,7,19050704
87,478,8,19050705
88,60,2,19050708
378,389,8,19050704
302,182,9,19050705
342,108,6,19050711
432,312,8,19050704
85,316,0,19050705
109,55,9,19050702
464,109,7,19050703
13,285,2,19050705
204,53,0,19050709
41,180,3,19050707
231,455,1,19050708
239,226,8,19050703
160,470,3,19050710
202,475,2,19050708
284,153,2,19050710
293,76,0,19050707
303,206,4,19050703
217,323,1,19050705
273,478,3,19050702
351,281,7,19050703
499,464,8,19050708
139,66,5,19050711
173,233,4,19050702
468,391,3,19050709
499,124,2,19050705
1,2,1,19050709
262,296,2,19050703
289,447,6,19050702
237,284,3,19050702
81,286,6,19050707
244,169,5,19050710
210,145,1,19050708
403,88,8,19050708
155,191,2,19050703
188,443,3,19050706
413,242,2,19050705
214,385,6,19050702
306,416,1,19050705
242,293,6,19050711
94,381,0,19050702
394,471,7,19050711
147,478,1,19050711
358,172,6,19050710
349,204,6,19050702
330,251,7,19050708
494,401,3,19050709
17,309,5,19050704
144,141,6,19050710
293,122,5,19050708
386,376,6,19050705
2,69,9,19050704
328,417,6,19050708
109,363,5,19050711
335,383,8,19050708
70,319,3,19050708
420,325,8,19050710
217,301,5,19050703
45,490,5,19050709
10,90,9,19050705
391,270,0,19050711
302,119,0,19050710
32,464,8,19050710
291,251,2,19050709
285,388,6,19050710
127,451,9,19050705
295,79,7,19050705
150,471,9,19050707
211,173,0,19050710
381,57,9,19050709
6,131,0,19050710
441,284,4,19050711
47,75,7,19050707
412,27,0,19050707
211,164,7,19050706
3,260,7,19050705
422,245,0,19050706
286,86,4,19050702
217,125,5,19050703
67,265,2,19050708
359,57,9,19050706
140,216,1,19050708
65,118,6,19050711
73,110,1,19050704
138,88,9,19050702
238,232,0,19050705
329,130,8,19050702
98,479,3,19050704
82,142,5,19050707
109,256,0,19050710
316,47,2,19050710
181,293,4,19050708
437,241,5,19050708
133,226,7,19050708
433,1,8,19050704
21,36,6,19050707
233,330,0,19050706
75,38,3,19050704
489,97,6,19050703
160,32,5,19050703
210,164,0,19050708
137,271,7,19050707
141,40,2,19050702
472,380,3,19050709
296,301,4,19050702
470,283,4,19050704
441,257,0,19050704
80,0,6,19050703
295,61,0,19050711
145,422,4,19050703
48,263,7,19050711
218,71,2,19050702
478,37,8,19050710
461,267,2,19050708
478,108,0,19050707
497,236,1,19050702
330,364,2,19050707
394,194,2,19050704
15,6,7,19050706
376,103,8,19050702
449,196,2,19050710
234,292,1,19050710
36,445,5,19050707
479,487,5,19050702
281,288,9,19050711
77,416,4,19050709
58,77,5,19050709
448,87,6,19050707
8,351,3,19050711
456,365,4,19050711
246,107,6,19050707
352,38,1,19050708
138,25,6,19050707
370,299,9,19050704
127,416,1,19050703
51,232,6,19050710
386,134,3,19050710
160,15,4,19050710
285,174,4,19050705
178,8,5,19050711
404,359,5,19050706
113,103,9,19050705
57,338,1,19050707
267,342,4,19050709
392,352,4,19050709
492,236,5,19050710
161,230,6,19050702
11,394,7,19050709
18,355,9,19050710
115,258,4,19050711
494,82,2,19050706
408,484,9,19050704
300,83,2,19050705
48,203,9,19050711
183,318,9,19050708
86,495,6,19050705
218,196,3,19050705
296,111,2,19050705
259,123,0,19050703
267,79,2,19050711
100,81,3,19050710
216,484,3,19050703
232,426,2,19050709
177,281,4,19050711
1,489,5,19050706
205,81,6,19050708
340,495,0,19050709
7,56,5,19050710
70,13,7,19050710
193,205,4,19050706
251,492,3,19050711
122,130,2,19050708
283,432,6,19050703
58,121,5,19050711
166,14,4,19050704
86,12,0,19050707
225,365,0,19050704
241,440,6,19050709
30,140,9,19050706
453,169,8,19050711
438,346,2,19050710
181,216,9,19050706
280,186,4,19050703
230,90,8,19050711
196,204,5,19050702
16,359,6,19050703
74,371,5,19050705
462,427,1,19050703
68,246,5,19050705
87,106,5,19050707
188,50,8,19050702
412,10,4,19050704
377,489,3,19050710
349,101,7,19050704
274,383,2,19050706
257,31,8,19050710
61,17,7,19050711
440,34,4,19050703
418,485,5,19050707
406,398,5,19050711
205,374,1,19050706
37,420,9,19050704
493,203,3,19050706
101,217,8,19050709
364,146,5,19050706
0,450,4,19050704
307,144,5,19050702
115,280,3,19050709
182,461,6,19050706
311,18,0,19050707
207,150,5,19050709
493,31,1,19050706
194,217,7,19050705
115,405,0,19050702
456,13,0,19050709
227,285,5,19050710
329,58,0,19050704
428,444,3,19050702
117,294,5,19050705
408,308,5,19050709
493,269,4,19050704
54,313,2,19050704
389,407,6,19050707
280,402,9,19050710
367,229,0,19050705
66,271,0,19050704
150,305,2,19050706
208,70,4,19050704
162,449,1,19050705
200,341,8,19050705
172,234,0,19050707
475,202,6,19050708
415,277,6,19050710
307,6,0,19050707
343,351,8,19050702
235,0,1,19050704
452,464,9,19050707
240,184,3,19050704
27,375,2,19050711
143,23,8,19050705
227,334,0,19050707
370,121,3,19050702
428,23,5,19050706
129,94,9,19050706
177,463,4,19050708
249,287,5,19050709
93,299,3,19050703
5,52,6,19050710
321,477,2,19050702
168,468,6,19050711
167,223,7,19050706
173,396,2,19050706
64,484,5,19050711
2,110,9,19050705
467,199,0,19050704
214,168,1,19050705
211,56,2,19050702
57,484,9,19050703
400,251,1,19050705
422,477,1,19050705
327,10,7,19050709
52,415,9,19050707
429,145,9,19050706
145,276,3,19050707
474,352,3,19050702
299,321,1,19050705
117,39,5,19050704
28,399,5,19050710
136,119,3,19050709
423,359,9,19050703
28,491,9,19050708
266,215,7,19050708
65,474,2,19050710
142,363,6,19050702
268,461,6,19050710
497,186,3,19050703
371,87,7,19050705
330,420,7,19050703
247,189,1,19050706
55,281,2,19050709
12,178,2,19050710
483,315,8,19050711
456,480,6,19050709
284,320,4,19050702
354,324,7,19050708
384,385,7,19050711
434,353,7,19050711
75,151,1,19050705
158,62,7,19050704
224,187,1,19050704
101,69,0,19050704
220,9,9,19050704
73,478,3,19050709
479,214,9,19050709
180,112,8,19050710
183,384,8,19050703
379,368,2,19050703
402,367,0,19050704
444,109,4,19050705
492,51,6,19050710
438,366,2,19050704
171,446,0,19050708
243,284,4,19050703
150,293,4,19050710
57,16,2,19050707
412,250,7,19050706
383,284,8,19050710
268,324,4,19050707
391,34,4,19050709
394,171,8,19050704
313,155,1,19050707
495,212,7,19050711
62,27,5,19050702
496,160,9,19050709
212,406,8,19050710
86,482,2,19050708
119,273,6,19050710
448,275,1,19050705
464,45,8,19050705
296,461,4,19050708
467,236,9,19050707
494,149,5,19050703
203,491,1,19050705
228,16,6,19050705
220,278,1,19050707
130,383,7,19050705
80,365,7,19050710
279,139,7,19050707
277,139,1,19050705
109,81,7,19050704
204,389,7,19050703
357,486,2,19050706
489,292,8,19050702
195,121,6,19050708
185,467,7,19050704
407,347,6,19050704
244,390,6,19050711
8,484,0,19050705
359,482,2,19050702
271,185,5,19050702
339,442,9,19050704
6,164,2,19050710
366,429,3,19050707
30,310,4,19050702
107,238,0,19050711
468,11,5,19050709
202,117,7,19050711
395,491,5,19050707
114,294,6,19050703
201,396,3,19050705
389,192,2,19050711
191,107,5,19050709
158,317,0,19050710
87,99,4,19050703
245,184,8,19050702
116,346,4,19050702
83,461,3,19050711
336,177,4,19050709
404,496,5,19050707
177,307,9,19050711
480,103,7,19050708
87,229,4,19050711
372,247,3,19050708
431,51,0,19050705
173,254,0,19050703
319,232,2,19050707
221,262,2,19050709
13,143,0,19050711
430,244,2,19050704
206,479,8,19050703
468,428,8,19050707
122,442,4,19050710
473,184,7,19050703
191,372,1,19050703
297,275,5,19050708
304,112,0,19050706
215,154,6,19050703
127,290,8,19050709
265,273,4,19050707
226,421,9,19050707
289,474,1,19050711
53,210,9,19050702
44,298,1,19050704
430,69,6,19050702
47,94,5,19050702
237,370,8,19050702
237,475,2,19050707
40,65,2,19050707
285,78,8,19050706
355,258,5,19050710
356,188,1,19050710
31,472,2,19050708
277,364,8,19050711
307,283,2,19050702
215,491,8,19050705
53,411,7,19050702
464,224,6,19050705
444,385,5,19050709
5,248,6,19050711
447,414,4,19050702
285,281,9,19050702
336,274,5,19050703
214,236,8,19050703
3,484,6,19050711
310,154,6,19050709
287,375,2,19050703
114,183,7,19050706
96,428,0,19050705
163,15,2,19050710
220,428,2,19050709
402,222,6,19050705
329,479,1,19050702
27,24,5,19050711
270,394,2,19050711
203,11,0,19050703
492,254,8,19050702
277,269,6,19050704
483,334,1,19050709
271,215,2,19050703
189,386,5,19050707
248,336,5,19050709
87,38,0,19050709
118,196,3,19050702
328,243,9,19050711
423,482,2,19050704
179,448,5,19050706
334,125,4,19050703
423,47,1,19050711
364,334,2,19050703
174,159,7,19050704
52,158,4,19050702
260,89,5,19050706
308,37,6,19050707
193,459,6,19050704
112,83,9,19050704
154,56,4,19050706
372,399,5,19050709
472,146,6,19050705
52,25,0,19050706
100,449,7,19050710
463,189,6,19050707
452,239,4,19050711
22,121,3,19050711
96,337,8,19050707
11,380,8,19050702
90,19,7,19050703
87,253,5,19050710
217,486,7,19050706
303,250,4,19050703
269,371,9,19050708
344,79,1,19050706
375,435,0,19050711
343,113,6,19050703
459,64,7,19050706
319,75,8,19050707
84,14,5,19050710
18,392,1,19050711
218,493,1,19050706
286,338,3,19050702
169,399,8,19050703
225,221,4,19050704
254,261,6,19050705
368,446,0,19050705
289,67,8,19050711
478,415,8,19050702
44,451,8,19050709
268,0,0,19050710
134,86,9,19050709
251,384,3,19050704
68,161,3,19050711
245,398,6,19050708
11,351,9,19050708
63,165,2,19050711
40,313,2,19050706
2,157,1,19050703
493,317,9,19050702
103,208,9,19050704
292,14,2,19050702
481,461,3,19050704
258,486,8,19050705
307,354,4,19050705
86,264,8,19050709
408,413,0,19050708
60,10,3,19050704
11,206,0,19050703
26,371,4,19050707
310,40,1,19050708
35,248,1,19050708
113,202,4,19050710
352,110,2,19050703
162,279,1,19050705
300,154,9,19050704
262,307,0,19050710
21,118,3,19050705
328,322,7,19050706
53,452,3,19050704
349,62,9,19050707
241,483,9,19050707
328,297,5,19050705
319,416,1,19050702
128,333,0,19050707
257,273,2,19050707
111,428,1,19050704
477,232,3,19050710
327,400,6,19050704
235,150,3,19050708
360,12,6,19050709
80,230,8,19050709
55,277,4,19050702
385,147,6,19050710
387,301,6,19050710
186,36,0,19050707
130,330,8,19050709
235,287,7,19050707
396,100,7,19050704
317,192,4,19050704
76,330,6,19050705
402,385,7,19050708
270,70,4,19050705
313,98,5,19050709
376,151,3,19050702
122,220,9,19050702
11,150,7,19050709
447,252,8,19050708
8,254,3,19050708
490,350,8,19050705
353,332,4,19050709
167,27,4,19050711
327,36,2,19050707
23,256,4,19050705
487,13,0,19050707
55,432,6,19050703
416,298,9,19050706
398,427,9,19050706
14,402,0,19050705
364,477,8,19050706
203,366,1,19050706
248,237,9,19050705
68,490,6,19050703
258,460,4,19050710
484,472,0,19050706
326,236,4,19050707
175,190,7,19050710
47,89,1,19050705
205,192,4,19050705
46,320,2,19050711
199,442,9,19050703
490,121,2,19050709
1,152,9,19050704
280,382,4,19050711
468,151,1,19050707
54,393,1,19050702
310,229,2,19050705
249,241,8,19050702
267,19,0,19050705
90,456,1,19050707
425,340,2,19050711
216,49,1,19050711
305,178,0,19050708
239,71,6,19050702
444,244,8,19050710
213,345,6,19050710
470,102,9,19050702
120,310,9,19050710
481,271,4,19050705
239,119,3,19050709
406,228,3,19050711
78,215,6,19050705
236,494,7,19050705
337,24,2,19050708
112,200,4,19050706
72,296,2,19050707
123,159,0,19050706
357,315,9,19050707
425,278,1,19050704
191,40,4,19050708
315,28,2,19050709
431,206,8,19050705
313,8,9,19050705
247,350,0,19050708
482,163,2,19050702
173,416,5,19050702
314,200,1,19050707
351,117,6,19050710
344,436,4,19050708
352,21,4,19050708
222,294,9,19050707
259,467,1,19050706
276,144,3,19050704
492,92,3,19050711
249,499,9,19050706
253,210,4,19050710
188,48,5,19050707
303,397,0,19050709
310,353,6,19050703
418,156,3,19050708
26,101,3,19050710
206,421,5,19050706
390,33,9,19050710
97,469,7,19050708
475,327,4,19050705
186,34,6,19050711
306,125,1,19050705
381,64,1,19050703
71,369,2,19050708
337,319,9,19050702
253,104,7,19050708
78,342,9,19050710
348,450,6,19050702
49,398,5,19050704
16,408,9,19050702
317,119,1,19050707
52,99,0,19050705
299,25,3,19050705
439,213,1,19050702
338,273,3,19050706
178,142,8,19050703
197,466,8,19050705
344,25,5,19050707
274,382,5,19050711
133,328,7,19050706
17,395,4,19050706
219,67,4,19050706
407,389,3,19050703
143,156,2,19050704
350,163,9,19050705
264,3,2,19050709
41,13,9,19050704
353,50,3,19050706
247,182,9,19050705
6,26,8,19050709
334,298,5,19050708
374,170,2,19050711
452,67,1,19050705
420,267,0,19050708
463,267,2,19050703
324,357,9,19050709
436,304,3,19050710
403,312,1,19050704
4,335,5,19050706
390,358,2,19050706
50,429,4,19050702
294,161,1,19050708
5,26,4,19050710
235,231,0,19050706
364,272,0,19050710
89,155,0,19050705
56,194,1,19050710
473,175,5,19050711
365,499,8,19050704
409,279,8,19050709
8,147,9,19050703
498,428,7,19050705
0,218,9,19050704
240,471,4,19050704
487,260,9,19050707
116,482,1,19050706
361,129,1,19050709
418,83,2,19050702
364,215,1,19050710
3,241,9,19050711
94,415,1,19050706
5,242,5,19050708
267,478,0,19050706
62,220,2,19050710
328,385,8,19050711
367,307,9,19050703
264,354,0,19050710
378,445,9,19050703
205,216,7,19050702
117,121,3,19050709
28,434,6,19050709
249,179,8,19050704
323,296,2,19050710
145,182,8,19050711
187,110,4,19050704
76,49,3,19050710
81,70,0,19050710
74,450,4,19050706
115,418,0,19050705
287,498,0,19050704
321,52,3,19050702
196,284,4,19050709
168,482,8,19050702
448,424,2,19050705
146,424,3,19050710
111,201,6,19050705
344,344,7,19050704
487,98,3,19050706
18,70,6,19050707
354,327,2,19050703
74,434,0,19050709
212,257,4,19050709
231,29,8,19050705
490,494,5,19050704
480,478,2,19050704
174,236,3,19050702
416,2,2,19050711
302,331,0,19050707
153,453,6,19050702
57,480,0,19050703
440,450,8,19050708
106,49,5,19050703
355,362,2,19050711
179,333,5,19050706
423,104,6,19050706
437,65,3,19050711
415,134,2,19050702
469,111,3,19050707
320,106,6,19050702
109,323,5,19050708
215,242,8,19050706
423,59,9,19050709
52,261,1,19050707
446,404,7,19050710
225,98,7,19050702
28,377,7,19050706
463,371,8,19050702
415,111,8,19050703
132,404,1,19050704
248,182,9,19050703
460,340,7,19050711
74,64,1,19050704
407,350,4,19050705
347,319,6,19050710
270,334,6,19050710
111,64,1,19050707
199,203,3,19050706
134,21,2,19050703
250,450,6,19050711
377,387,5,19050706
202,352,8,19050706
484,255,1,19050711
462,481,3,19050704
305,481,9,19050706
126,438,9,19050710
169,18,0,19050708
32,121,6,19050705
115,406,3,19050711
213,274,4,19050710
126,415,7,19050704
438,93,1,19050704
195,226,4,19050707
421,275,8,19050707
301,68,6,19050705
112,466,6,19050708
34,307,9,19050708
264,340,2,19050702
140,209,2,19050704
9,470,9,19050708
117,136,0,19050704
92,172,7,19050708
269,277,0,19050704
479,181,0,19050706
290,155,9,19050705
18,172,9,19050711
401,225,3,19050705
346,379,7,19050704
447,311,0,19050710
217,46,3,19050704
423,163,1,19050710
336,328,3,19050703
277,261,0,19050706
88,399,8,19050710
67,459,3,19050702
324,435,6,19050708
198,374,6,19050710
93,64,1,19050708
116,56,7,19050710
402,477,4,19050703
228,67,9,19050711
198,46,8,19050708
356,299,9,19050707
36,489,9,19050702
10,7,5,19050711
163,344,9,19050709
293,142,8,19050703
184,172,1,19050706
488,454,7,19050706
149,106,6,19050708
92,330,0,19050704
485,12,4,19050703
469,104,0,19050711
309,315,3,19050711
90,347,1,19050708
49,110,6,19050711
71,370,2,19050706
389,498,4,19050709
10,116,5,19050710
363,74,5,19050702
265,14,4,19050702
492,148,7,19050710
252,80,0,19050710
279,112,3,19050711
432,155,2,19050707
186,362,0,19050711
398,33,3,19050711
263,482,2,19050703
270,50,9,19050703
101,372,7,19050703
118,437,4,19050706
403,313,2,19050711
494,319,0,19050707
18,376,8,19050702
188,337,0,19050706
425,393,0,19050705
45,397,3,19050711
305,6,0,19050708
93,224,3,19050710
131,437,5,19050709
64,256,1,19050705
385,81,3,19050703
456,433,3,19050704
202,490,1,19050703
488,79,9,19050706
359,271,3,19050706
4,228,0,19050709
198,217,3,19050707
405,144,5,19050710
216,177,4,19050702
413,414,1,19050707
304,382,8,19050705
124,296,4,19050707
318,133,1,19050703
403,430,6,19050706
118,350,3,19050706
8,271,2,19050705
468,211,7,19050706
471,230,4,19050702
139,158,3,19050709
3,28,5,19050705
406,350,0,19050704
163,407,8,19050702
455,8,6,19050704
284,275,5,19050708
80,296,7,19050702
296,267,7,19050711
189,109,7,19050709
354,184,5,19050703
216,54,4,19050704
95,8,7,19050702
147,194,3,19050708
142,113,8,19050711
237,231,8,19050711
146,102,9,19050702
360,178,9,19050706
134,341,2,19050709
279,414,7,19050711
381,93,6,19050708
81,489,4,19050705
309,122,0,19050707
25,271,2,19050703
12,287,8,19050702
130,249,7,19050711
329,96,6,19050706
185,216,7,19050706
182,221,4,19050704
175,138,7,19050703
323,341,5,19050711
188,39,5,19050702
404,117,0,19050709
130,490,2,19050710
88,125,6,19050704
302,447,4,19050709
348,285,3,19050708
389,393,9,19050711
272,411,7,19050704
154,109,5,19050708
390,83,9,19050703
105,77,3,19050702
260,443,4,19050704
308,426,0,19050709
203,207,2,19050703
243,330,3,19050711
498,328,2,19050703
96,365,3,19050711
82,304,7,19050711
339,80,4,19050711
1,428,7,19050707
130,408,1,19050707
476,118,0,19050708
236,99,3,19050707
105,313,0,19050708
203,107,3,19050702
7,32,8,19050707
345,297,9,19050708
430,430,1,19050707
164,378,0,19050710
81,218,8,19050707
91,20,3,19050710
312,430,9,19050703
278,29,7,19050706
95,260,7,19050704
114,240,9,19050705
98,406,0,19050708
478,329,3,19050702
118,3,9,19050708
163,64,6,19050708
231,340,9,19050703
225,444,8,19050706
5,188,1,19050704
64,103,3,19050705
240,267,7,19050705
241,450,3,19050705
309,212,6,19050708
495,157,5,19050704
134,383,4,19050708
202,369,8,19050706
300,71,2,19050702
334,328,3,19050705
295,416,0,19050702
441,320,3,19050709
216,384,9,19050705
196,124,5,19050709
78,146,7,19050711
480,106,3,19050703
404,346,0,19050702
229,111,3,19050707
153,164,2,19050705
366,163,6,19050707
93,10,2,19050710
327,348,2,19050710
134,14,8,19050708
104,263,7,19050706
475,465,0,19050707
237,381,0,19050703
386,164,2,19050705
348,66,2,19050710
148,317,0,19050704
244,199,6,19050710
72,157,8,19050709
498,66,6,19050702
154,23,1,19050704
44,138,8,19050705
495,57,0,19050702
242,28,8,19050704
339,127,6,19050705
382,195,5,19050707
216,246,5,19050710
82,234,9,19050709
466,147,9,19050702
431,217,2,19050708
414,412,7,19050710
259,380,8,19050705
43,401,7,19050710
284,188,2,19050704
30,278,5,19050708
147,79,7,19050708
404,141,8,19050709
310,59,6,19050708
417,142,0,19050711
344,107,0,19050709
5,302,6,19050704
465,279,9,19050708
42,46,6,19050710
457,108,7,19050704
94,69,4,19050711
118,171,7,19050702
380,194,3,19050711
333,63,5,19050707
156,72,3,19050706
90,250,8,19050704
2,479,6,19050710
379,162,5,19050711
114,403,1,19050706
51,260,7,19050707
454,444,1,19050702
292,141,5,19050704
95,477,3,19050703
150,487,7,19050711
20,372,9,19050704
358,372,2,19050705
400,475,2,19050703
226,356,4,19050709
396,40,8,19050704
40,427,7,19050706
424,75,9,19050711
207,290,8,19050710
214,450,9,19050706
304,362,4,19050711
276,374,3,19050704
78,497,4,19050708
455,176,5,19050704
9,452,7,19050711
186,254,0,19050710
23,432,4,19050710
427,217,7,19050710
423,209,4,19050707
7,142,5,19050709
64,318,8,19050706
384,29,7,19050706
146,79,1,19050704
423,216,3,19050710
385,413,8,19050707
116,177,5,19050706
30,469,1,19050705
439,171,8,19050705
102,189,9,19050711
94,94,8,19050704
221,145,5,19050702
342,301,8,19050707
110,271,2,19050707
106,190,2,19050708
274,260,6,19050703
48,376,3,19050702
63,67,2,19050705
234,314,8,19050705
453,206,7,19050710
192,188,5,19050705
307,263,9,19050710
89,181,6,19050708
470,179,7,19050705
4,168,7,19050707
498,44,5,19050709
379,349,3,19050705
354,407,6,19050707
405,423,5,19050702
233,463,8,19050703
9,150,4,19050710
450,72,1,19050708
8,5,4,19050704
387,424,4,19050707
181,263,7,19050711
100,78,7,19050708
192,94,8,19050708
42,101,8,19050703
191,193,0,19050705
229,171,9,19050707
243,103,6,19050711
56,55,4,19050711
397,239,6,19050704
130,95,1,19050705
202,73,5,19050704
375,135,2,19050702
370,377,8,19050708
499,457,9,19050705
36,114,2,19050702
176,353,7,19050708
418,50,5,19050702
68,394,6,19050704
487,416,2,19050709
88,475,3,19050704
303,75,3,19050706
164,396,8,19050709
471,342,6,19050703
15,350,7,19050706
317,389,6,19050709
402,409,7,19050703
66,268,3,19050710
190,390,1,19050706
354,226,0,19050706
369,103,4,19050709
66,69,6,19050709
338,490,3,19050704
484,321,3,19050710
262,40,4,19050703
469,377,7,19050707
420,357,5,19050711
334,113,5,19050705
338,44,3,19050708
413,69,5,19050709
155,348,6,19050707
17,340,7,19050707
178,494,6,19050711
477,303,9,19050711
62,63,0,19050703
157,134,6,19050705
488,159,3,19050710
309,176,3,19050704
107,95,5,19050702
236,370,3,19050706
410,324,6,19050704
426,57,3,19050709
489,190,7,19050704
85,116,1,19050709
400,3,8,19050706
329,292,0,19050711
346,0,8,19050704
250,206,7,19050711
19,463,7,19050710
485,495,4,19050710
180,480,3,19050709
160,488,0,19050702
163,207,3,19050708
88,413,7,19050704
103,386,5,19050707
174,419,6,19050702
307,473,9,19050705
381,387,2,19050706
208,424,7,19050702
308,428,8,19050702
221,7,9,19050703
132,216,9,19050710
31,226,8,19050704
324,460,0,19050708
154,264,1,19050702
232,116,4,19050708
184,169,7,19050702
475,165,6,19050703
94,107,4,19050708
2,423,4,19050702
356,274,8,19050705
417,301,5,19050709
51,487,4,19050706
161,160,2,19050711
407,386,6,19050704
452,44,0,19050704
295,482,0,19050707
418,192,1,19050706
135,340,6,19050709
35,147,5,19050706
47,397,4,19050707
41,317,3,19050709
277,224,9,19050706
273,8,9,19050707
284,73,7,19050707
16,451,6,19050708
77,26,6,19050710
212,295,4,19050711
322,118,5,19050706
380,36,9,19050710
399,168,6,19050705
373,274,4,19050711
293,254,0,19050704
333,477,0,19050709
17,41,8,19050708
189,448,2,19050706
104,419,2,19050702
171,116,9,19050708
444,390,6,19050703
10,143,7,19050709
81,26,0,19050703
181,138,1,19050711
0,363,8,19050706
87,248,2,19050710
220,24,7,19050709
173,158,9,19050710
134,160,2,19050706
295,49,2,19050702
383,448,9,19050709
170,159,0,19050702
115,324,4,19050710
389,70,1,19050708
31,110,5,19050704
182,414,5,19050706
6,119,1,19050711
30,207,5,19050711
29,259,8,19050702
446,137,3,19050704
265,112,7,19050705
347,438,0,19050706
304,213,2,19050711
419,130,1,19050702
78,282,4,19050707
309,56,6,19050709
421,400,5,19050709
380,202,3,19050710
295,56,7,19050710
312,153,4,19050705
35,347,6,19050706
65,252,1,19050708
120,197,5,19050711
460,381,3,19050707
11,353,4,19050711
420,65,7,19050702
104,224,5,19050705
374,38,2,19050709
475,271,0,19050708
307,117,1,19050709
227,99,7,19050702
94,437,9,19050710
409,264,8,19050703
8,160,4,19050705
461,417,1,19050711
295,50,9,19050710
255,191,6,19050705
113,469,6,19050704
369,101,0,19050708
35,108,2,19050705
354,291,6,19050704
219,166,6,19050711
350,347,1,19050702
274,135,5,19050710
17,372,6,19050704
471,234,6,19050703
216,378,0,19050711
264,486,6,19050709
457,99,1,19050708
279,405,1,19050710
435,198,5,19050705
496,78,0,19050702
318,154,1,19050709
92,477,5,19050710
115,145,0,19050702
16,434,4,19050710
249,28,5,19050708
58,18,9,19050707
50,331,9,19050706
223,117,8,19050709
277,207,9,19050702
207,278,3,19050710
202,16,5,19050708
118,166,5,19050702
92,307,7,19050704
490,406,0,19050710
140,170,9,19050702
185,342,5,19050703
16,434,6,19050703
473,125,1,19050703
150,84,6,19050708
45,336,4,19050705
250,365,8,19050707
328,73,9,19050708
455,309,9,19050706
369,183,9,19050708
98,72,4,19050708
7,80,9,19050708
140,44,1,19050710
383,287,9,19050711
2,320,4,19050703
125,371,1,19050702
194,432,0,19050708
14,317,6,19050704
135,259,6,19050703
114,215,8,19050708
127,423,1,19050708
301,161,3,19050707
489,380,6,19050707
446,89,0,19050705
85,32,2,19050708
308,353,3,19050709
150,213,7,19050704
328,395,4,19050702
499,153,6,19050710
296,174,3,19050704
143,421,2,19050705
437,494,2,19050710
219,499,9,19050704
119,380,1,19050711
417,493,6,19050704
126,113,6,19050704
50,112,0,19050704
458,118,6,19050711
24,248,3,19050709
407,42,6,19050702
200,261,9,19050709
411,277,6,19050708
68,148,4,19050711
280,155,5,19050709
148,239,1,19050711
93,450,4,19050703
331,321,4,19050709
195,87,9,19050704
415,209,9,19050702
344,280,1,19050711
336,343,1,19050709
167,43,9,19050709
42,140,6,19050711
21,498,2,19050710
154,480,3,19050704
260,214,4,19050709
148,215,1,19050703
390,189,9,19050711
237,151,2,19050702
233,237,0,19050709
384,419,3,19050704
139,455,6,19050703
0,24,5,19050708
419,221,2,19050705
256,91,9,19050704
106,167,2,19050704
494,99,0,19050710
156,381,5,19050707
342,408,6,19050708
431,303,5,19050711
308,148,1,19050705
351,326,4,19050711
106,288,2,19050707
107,411,7,19050711
91,340,5,19050705
25,63,1,19050711
280,380,0,19050704
117,236,0,19050708
179,243,2,19050702
468,41,5,19050708
497,315,2,19050708
39,175,2,19050704
302,102,4,19050702
421,344,3,19050703
202,149,5,19050711
310,196,0,19050708
386,358,9,19050704
265,17,3,19050710
295,22,0,19050704
377,471,1,19050708
319,56,4,19050711
49,87,7,19050708
126,354,6,19050704
327,475,7,19050710
394,20,7,19050706
176,104,7,19050703
82,438,6,19050711
204,259,8,19050704
242,52,1,19050709
34,43,2,19050702
83,120,6,19050704
83,349,8,19050704
84,471,1,19050711
330,85,7,19050711
346,349,0,19050707
214,128,5,19050702
288,226,5,19050703
180,155,8,19050706
336,21,8,19050707
414,0,7,19050710
407,447,1,19050705
471,112,5,19050706
301,49,8,19050704
89,19,7,19050710
308,38,8,19050710
398,239,1,19050704
150,116,9,19050710
104,234,7,19050704
462,37,5,19050705
203,2,7,19050705
16,59,3,19050709
116,60,0,19050708
382,310,9,19050707
437,241,0,19050704
261,186,8,19050705
144,245,3,19050709
303,407,1,19050705
52,449,1,19050711
94,245,8,19050704
338,156,6,19050704
66,432,8,19050703
372,46,0,19050702
358,460,7,19050711
285,451,5,19050709
141,320,4,19050710
322,408,7,19050704
34,285,5,19050704
5,199,9,19050703
169,41,4,19050708
368,355,0,19050704
178,147,1,19050707
422,406,9,19050708
338,244,2,19050711
123,396,9,19050705
304,146,8,19050706
100,368,4,19050711
97,334,6,19050706
426,96,4,19050709
89,454,3,19050709
375,493,1,19050704
160,88,3,19050708
358,59,0,19050711
267,26,6,19050709
419,300,6,19050702
22,452,8,19050706
6,130,2,19050704
420,355,6,19050703
260,493,5,19050702
187,362,9,19050705
421,146,8,19050711
400,413,8,19050705
371,364,1,19050704
209,193,7,19050709
349,1,1,19050703
437,349,3,19050706
255,330,9,19050711
157,21,7,19050707
324,266,9,19050705
21,367,0,19050706
476,261,0,19050704
170,309,4,19050711
352,33,2,19050705
314,155,9,19050707
29,473,5,19050707
494,34,5,19050707
219,370,1,19050707
271,442,7,19050711
367,342,9,19050710
47,285,2,19050711
341,177,9,19050703
104,270,0,19050706
298,288,7,19050704
133,60,3,19050707
462,260,0,19050703
425,345,1,19050708
274,313,6,19050707
371,384,6,19050704
426,439,2,19050709
443,319,6,19050704
446,430,4,19050710
409,337,3,19050704
382,451,2,19050702
218,93,9,19050702
391,11,1,19050707
310,1,8,19050710
494,201,3,19050706
179,103,6,19050703
235,51,1,19050708
41,193,8,19050708
494,463,1,19050711
230,412,0,19050710
113,208,7,19050711
295,485,1,19050709
264,287,7,19050707
66,10,7,19050710
497,61,9,19050707
154,304,6,19050709
10,498,7,19050708
29,274,4,19050707
15,475,8,19050711
321,77,4,19050707
272,372,0,19050708
243,328,7,19050708
285,441,4,19050706
407,168,9,19050711
451,316,7,19050709
207,436,9,19050709
435,65,2,19050704
26,381,8,19050708
372,213,4,19050710
329,35,4,19050706
153,258,3,19050711
76,195,4,19050703
230,74,1,19050705
86,140,3,19050707
342,267,7,19050704
408,224,5,19050706
461,299,8,19050705
253,446,0,19050706
363,236,7,19050703
400,118,6,19050706
271,213,1,19050709
112,282,9,19050705
276,162,5,19050711
282,153,9,19050705
35,87,9,19050708
355,368,4,19050708
425,188,3,19050709
26,449,5,19050705
476,6,1,19050706
245,73,0,19050705
102,388,2,19050708
141,212,7,19050707
29,412,0,19050711
397,14,0,19050709
208,308,5,19050709
280,385,9,19050709
186,17,5,19050710
14,130,6,19050709
482,90,0,19050705
444,186,5,19050708
309,60,5,19050711
464,312,2,19050703
438,486,5,19050709
44,93,5,19050705
292,58,7,19050706
306,238,6,19050702
200,370,4,19050706
480,411,5,19050709
327,6,3,19050706
383,276,6,19050704
35,478,5,19050704
154,124,0,19050702
40,179,7,19050703
431,372,3,19050706
400,498,5,19050711
192,357,0,19050709
197,224,9,19050707
174,282,5,19050711
77,223,8,19050706
477,64,8,19050711
236,275,2,19050710
118,365,1,19050704
120,276,6,19050702
105,3,9,19050705
415,200,5,19050705
99,84,5,19050702
19,232,8,19050703
62,449,2,19050705
94,248,0,19050704
435,86,7,19050704
376,183,5,19050708
69,358,6,19050703
262,217,1,19050705
123,213,4,19050704
130,350,9,19050702
458,493,2,19050706
249,292,1,19050711
256,21,0,19050704
305,330,1,19050706
7,132,0,19050711
448,435,4,19050711
347,470,6,19050708
391,112,7,19050710
212,305,3,19050706
129,415,7,19050709
374,365,6,19050704
433,20,7,19050707
338,98,6,19050703
409,153,4,19050710
192,210,4,19050703
438,285,7,19050703
347,477,1,19050704
382,169,2,19050708
262,299,5,19050710
23,2,7,19050711
324,281,2,19050707
370,93,3,19050703
222,345,2,19050707
143,164,0,19050702
245,159,0,19050709
333,16,2,19050706
478,396,8,19050705
87,74,3,19050707
312,411,1,19050707
359,370,6,19050710
302,159,8,19050708
185,98,8,19050702
202,229,1,19050704
119,472,6,19050705
319,205,6,19050706
42,355,0,19050708
483,277,3,19050705
383,288,0,19050706
15,139,5,19050706
367,401,5,19050709
75,107,2,19050709
328,227,1,19050705
389,205,4,19050703
285,231,6,19050705
475,464,8,19050702
27,379,5,19050708
116,80,8,19050709
437,187,7,19050707
347,463,4,19050710
52,252,3,19050706
319,219,1,19050705
468,94,7,19050705
79,463,2,19050707
151,389,1,19050707
385,4,8,19050708
351,226,4,19050711
106,400,4,19050711
261,189,8,19050703
229,414,2,19050711
141,33,7,19050703
499,479,8,19050702
212,389,3,19050705
263,142,8,19050703
215,79,5,19050704
337,275,5,19050706
440,332,1,19050708
290,164,8,19050703
187,427,2,19050705
192,324,0,19050707
464,358,1,19050711
249,280,3,19050703
327,243,9,19050705
237,446,5,19050703
44,74,0,19050709
57,448,8,19050704
290,420,8,19050710
80,66,0,19050704
144,217,7,19050705
373,354,5,19050708
474,187,5,19050705
389,454,7,19050705
433,41,8,19050707
437,412,6,19050702
155,157,1,19050705
25,360,8,19050702
110,371,7,19050710
367,175,2,19050710
111,468,2,19050709
40,328,8,19050711
145,14,1,19050710
38,333,2,19050710
23,457,1,19050706
78,334,2,19050711
203,99,0,19050704
135,379,6,19050706
134,3,8,19050707
89,490,6,19050703
128,143,2,19050709
398,398,6,19050706
202,332,2,19050702
431,421,4,19050705
431,162,5,19050704
467,272,9,19050705
357,54,8,19050703
483,261,0,19050703
280,90,2,19050705
318,273,0,19050704
110,242,7,19050711
364,341,0,19050702
442,175,1,19050703
97,35,7,19050706
203,462,4,19050710
320,332,3,19050709
444,126,7,19050706
143,7,5,19050708
266,119,1,19050708
92,237,6,19050708
332,390,0,19050709
474,457,8,19050705
358,162,2,19050702
404,54,3,19050710
203,129,3,19050707
26,351,2,19050708
463,247,7,19050705
164,496,9,19050706
55,262,1,19050703
476,287,9,19050703
373,138,1,19050702
159,172,8,19050711
384,83,6,19050704
495,398,6,19050704
463,336,7,19050706
31,46,5,19050703
148,83,9,19050704
374,282,4,19050705
51,153,2,19050706
95,39,3,19050707
482,284,3,19050706
113,132,5,19050704
348,468,2,19050710
69,285,0,19050707
127,340,5,19050710
310,128,3,19050703
220,363,3,19050705
151,285,3,19050710
17,338,9,19050711
484,215,4,19050707
367,175,0,19050708
33,248,0,19050702
335,274,6,19050706
115,61,6,19050708
221,27,8,19050706
276,422,4,19050702
33,478,6,19050702
328,71,7,19050705
419,499,3,19050710
72,78,5,19050705
88,14,5,19050710
340,318,1,19050707
164,153,3,19050710
472,59,5,19050708
382,161,3,19050705
25,220,7,19050704
59,320,6,19050706
449,483,6,19050702
141,472,0,19050710
266,197,4,19050709
89,473,7,19050709
302,328,1,19050709
54,492,4,19050707
256,277,6,19050704
20,267,2,19050703
402,137,6,19050708
214,40,7,19050711
363,476,4,19050710
103,180,2,19050702
404,208,3,19050708
250,345,5,19050704
254,340,8,19050708
376,93,7,19050707
474,290,5,19050711
147,115,9,19050711
211,391,2,19050706
462,16,2,19050703
390,313,1,19050709
340,393,8,19050705
419,213,4,19050710
154,429,1,19050710
3,408,4,19050710
225,334,3,19050708
440,450,1,19050709
282,56,4,19050706
154,62,3,19050710
145,124,9,19050705
169,36,2,19050705
176,30,1,19050709
63,489,6,19050703
375,121,6,19050707
52,349,1,19050705
125,196,5,19050709
171,181,9,19050710
203,57,2,19050703
286,343,6,19050705
233,135,6,19050704
437,193,8,19050709
250,451,4,19050708
457,57,2,19050707
392,432,6,19050709
417,294,8,19050703
477,245,9,19050707
164,485,3,19050711
376,126,5,19050709
241,290,5,19050702
368,22,1,19050703
182,377,8,19050709
106,177,9,19050709
392,182,5,19050709
101,333,7,19050704
343,312,6,19050707
254,408,6,19050703
304,149,5,19050703
393,379,6,19050707
342,116,1,19050711
481,241,0,19050711
64,448,8,19050706
322,283,9,19050703
372,178,0,19050711
289,257,2,19050708
125,310,6,19050709
328,411,2,19050707
106,83,9,19050709
144,211,9,19050703
352,158,3,19050702
46,376,5,19050707
188,13,6,19050711
14,318,3,19050703
193,262,5,19050709
395,292,6,19050711
297,448,7,19050704
428,420,3,19050709
95,13,2,19050706
66,78,6,19050710
485,346,9,19050709
53,412,1,19050702
416,146,1,19050702
205,49,9,19050705
235,209,1,19050710
128,105,2,19050703
253,419,7,19050702
42,116,7,19050710
477,184,6,19050711
174,12,6,19050708
308,318,2,19050708
98,149,4,19050708
228,336,7,19050707
82,63,2,19050707
200,87,3,19050704
438,390,5,19050703
256,301,3,19050709
416,4,1,19050705
125,428,6,19050703
393,154,5,19050707
117,198,7,19050706
488,122,4,19050707
225,205,8,19050703
403,147,1,19050705
242,282,1,19050705
80,418,9,19050703
410,116,0,19050709
168,3,7,19050710
398,412,3,19050708
380,363,7,19050702
310,232,4,19050703
304,371,0,19050703
24,444,1,19050708
487,298,0,19050710
334,233,5,19050706
256,408,2,19050706
397,34,9,19050705
335,379,3,19050709
65,188,6,19050705
456,53,5,19050702
406,180,2,19050704
33,99,0,19050711
393,409,7,19050703
296,174,2,19050711
143,127,2,19050711
326,256,1,19050708
382,360,7,19050704
232,286,1,19050710
343,325,9,19050703
8,173,8,19050703
323,84,9,19050705
418,403,1,19050706
234,228,6,19050709
236,235,5,19050705
88,375,5,19050703
142,58,3,19050703
470,63,0,19050709
467,200,7,19050711
444,186,3,19050705
86,389,8,19050705
446,237,5,19050706
184,7,4,19050707
171,419,4,19050707
254,20,6,19050708
462,487,6,19050703
364,60,4,19050702
131,255,1,19050711
6,122,2,19050707
188,361,7,19050708
356,305,1,19050706
188,183,6,19050708
348,253,6,19050704
365,470,8,19050707
216,205,1,19050706
228,461,5,19050708
68,42,5,19050709
307,23,1,19050707
284,19,4,19050710
267,432,0,19050711
133,17,4,19050704
480,60,9,19050709
19,414,5,19050704
192,196,7,19050703
148,7,8,19050702
458,205,8,19050705
452,67,8,19050711
150,167,3,19050704
383,411,1,19050710
460,8,6,19050709
388,135,3,19050702
438,15,0,19050704
219,38,6,19050710
93,117,2,19050710
348,137,1,19050704
195,404,7,19050705
214,253,3,19050709
456,475,6,19050707
398,190,0,19050709
321,98,3,19050711
1,241,7,19050711
299,410,8,19050702
457,259,9,19050703
348,276,0,19050709
276,23,5,19050706
359,140,1,19050705
353,334,3,19050707
32,202,8,19050707
404,431,8,19050706
165,152,8,19050704
292,489,3,19050705
356,277,8,19050711
46,108,5,19050702
51,53,2,19050711
303,342,3,19050704
119,68,1,19050705
208,451,0,19050702
146,262,1,19050711
417,467,3,19050711
162,499,3,19050711
193,276,4,19050703
372,470,6,19050705
451,147,7,19050702
88,292,9,19050707
474,404,4,19050709
92,215,1,19050705
332,422,1,19050711
193,295,3,19050711
57,126,4,19050705
490,321,6,19050706
150,232,0,19050704
33,489,7,19050707
442,379,8,19050706
202,485,4,19050708
307,410,6,19050710
122,250,2,19050710
189,69,2,19050706
272,395,3,19050711
86,483,0,19050706
438,423,1,19050711
212,1,8,19050710
473,138,0,19050702
432,196,4,19050703
22,180,3,19050706
218,181,2,19050707
252,416,9,19050702
97,289,4,19050707
242,430,9,19050709
478,123,4,19050709
207,375,1,19050704
227,106,4,19050708
488,270,2,19050703
308,226,2,19050708
435,93,6,19050708
12,160,5,19050710
248,66,1,19050702
94,433,9,19050704
17,218,0,19050708
340,492,0,19050709
302,159,2,19050704
44,499,4,19050702
118,464,8,19050704
109,204,5,19050707
430,158,5,19050702
290,461,1,19050710
340,379,7,19050709
328,302,0,19050704
39,452,8,19050703
467,57,7,19050705
429,414,2,19050707
212,259,2,19050703
325,315,6,19050707
327,423,6,19050706
223,135,0,19050707
25,12,8,19050710
115,495,5,19050706
371,57,1,19050706
378,117,4,19050704
365,107,9,19050704
111,99,4,19050709
219,52,4,19050702
388,390,9,19050709
355,179,6,19050710
40,270,4,19050707
434,86,7,19050707
470,164,2,19050702
79,310,8,19050708
420,216,4,19050702
352,196,4,19050708
229,323,5,19050707
295,179,2,19050704
247,266,6,19050706
442,231,0,19050705
443,262,5,19050702
5,347,7,19050702
250,17,9,19050707
124,266,0,19050710
240,3,5,19050703
0,206,7,19050702
188,179,0,19050704
411,88,2,19050710
196,198,7,19050702
2,260,9,19050711
443,119,0,19050711
60,73,4,19050703
449,450,0,19050708
371,128,9,19050705
480,429,5,19050706
208,168,4,19050705
315,190,7,19050702
241,93,4,19050702
76,443,8,19050710
205,298,0,19050708
493,65,7,19050708
342,466,2,19050707
468,99,3,19050704
344,161,5,19050708
211,369,3,19050708
314,94,7,19050711
103,154,0,19050702
82,132,5,19050702
154,112,2,19050706
81,73,5,19050708
17,433,2,19050706
116,270,4,19050702
431,311,2,19050708
78,12,1,19050711
352,481,5,19050711
93,133,6,19050703
439,231,7,19050702
488,273,1,19050710
74,153,2,19050703
455,176,1,19050703
22,253,2,19050703
89,190,7,19050710
21,156,8,19050706
376,253,4,19050702
491,163,5,19050710
275,200,8,19050706
403,332,8,19050708
119,60,5,19050702
376,236,1,19050711
499,347,7,19050711
142,387,3,19050702
164,409,5,19050707
279,282,7,19050710
259,55,4,19050706
359,349,4,19050706
146,344,2,19050706
3,226,1,19050710
137,370,2,19050711
340,169,9,19050710
491,68,5,19050706
51,262,2,19050708
295,250,4,19050704
312,474,1,19050710
22,361,0,19050707
186,89,4,19050711
366,57,6,19050702
295,453,7,19050704
221,258,2,19050705
429,239,7,19050705
136,366,5,19050709
430,383,9,19050702
296,467,4,19050702
377,423,4,19050703
174,160,3,19050706
159,494,7,19050703
15,345,6,19050702
190,90,7,19050702
201,230,7,19050711
307,384,3,19050707
393,93,9,19050710
23,219,5,19050710
256,305,2,19050711
442,346,5,19050708
440,350,3,19050703
18,11,0,19050708
243,434,1,19050708
208,402,4,19050710
54,43,8,19050706
481,192,6,19050706
157,493,7,19050704
259,222,5,19050705
238,461,1,19050705
186,235,5,19050708
313,17,4,19050704
104,182,4,19050703
99,139,9,19050711
168,426,3,19050711
182,353,0,19050706
37,423,3,19050704
207,149,3,19050710
276,219,3,19050706
10,267,3,19050707
396,53,2,19050706
410,156,4,19050711
253,276,2,19050709
413,74,0,19050707
203,391,0,19050709
330,26,8,19050708
210,334,7,19050710
311,24,7,19050709
152,6,0,19050707
86,317,1,19050710
436,234,9,19050708
469,331,7,19050709
111,413,7,19050710
451,462,4,19050711
289,499,1,19050703
42,294,2,19050706
194,207,3,19050705
411,410,7,19050710
248,90,2,19050710
392,18,2,19050709
456,94,0,19050711
146,298,3,19050704
333,236,9,19050702
117,72,7,19050708
74,188,1,19050710
101,301,1,19050705
146,219,9,19050711
421,447,1,19050703
405,337,2,19050702
171,3,8,19050702
491,236,8,19050711
207,416,1,19050709
296,108,4,19050702
245,271,8,19050708
84,180,4,19050711
259,175,8,19050707
70,247,0,19050706
259,183,0,19050710
166,132,7,19050709
195,6,2,19050704
475,74,6,19050703
495,270,3,19050709
259,432,7,19050710
246,433,2,19050704
360,469,8,19050707
26,313,1,19050710
107,498,2,19050702
205,434,4,19050710
445,142,1,19050710
237,303,5,19050702
491,307,9,19050709
371,197,5,19050708
375,479,8,19050707
238,57,0,19050704
361,246,4,19050704
76,255,6,19050703
136,149,3,19050709
442,242,2,19050708
469,470,0,19050706
54,375,4,19050702
399,103,2,19050709
194,138,0,19050704
280,330,4,19050702
382,363,8,19050703
28,291,8,19050707
161,462,3,19050707
327,402,0,19050705
195,309,3,19050706
313,413,6,19050707
470,277,7,19050707
316,419,3,19050709
19,116,5,19050706
192,272,3,19050705
491,470,4,19050711
46,40,6,19050702
326,154,6,19050711
396,202,4,19050706
218,417,4,19050708
363,103,3,19050707
272,252,4,19050706
433,280,8,19050703
446,499,4,19050710
345,103,3,19050704
462,287,4,19050702
251,480,7,19050709
179,160,0,19050702
398,446,7,19050707
426,184,5,19050708
263,276,8,19050710
209,21,4,19050704
370,268,3,19050710
233,447,5,19050704
491,176,3,19050702
66,167,7,19050711
41,386,4,19050710
42,432,7,19050706
257,328,4,19050709
166,422,8,19050702
268,465,0,19050708
437,420,2,19050707
383,232,7,19050709
72,410,1,19050708
274,467,9,19050708
124,347,2,19050708
215,248,8,19050706
390,324,0,19050703
47,357,5,19050702
390,58,6,19050706
139,166,4,19050702
160,200,8,19050710
306,16,6,19050710
458,460,6,19050710
494,147,9,19050702
405,60,5,19050711
56,368,4,19050710
493,287,1,19050702
409,408,9,19050705
122,370,0,19050710
445,331,6,19050706
419,406,9,19050704
150,373,9,19050704
176,256,8,19050706
430,160,3,19050711
348,49,2,19050702
112,214,3,19050707
128,494,6,19050704
27,223,1,19050704
186,477,9,19050705
465,457,6,19050705
181,271,8,19050703
15,341,2,19050705
473,394,6,19050710
155,174,8,19050709
453,226,8,19050709
490,438,0,19050706
375,24,9,19050710
263,283,3,19050704
376,53,2,19050703
307,242,0,19050704
355,97,5,19050704
125,259,6,19050710
182,135,6,19050704
304,176,2,19050711
438,474,7,19050702
456,48,1,19050710
61,109,9,19050707
483,381,1,19050707
344,366,3,19050703
268,432,8,19050706
110,250,8,19050702
1,215,0,19050703
213,253,8,19050710
336,124,1,19050711
220,355,6,19050703
26,220,6,19050705
181,152,1,19050706
304,294,3,19050709
125,485,6,19050710
440,392,0,19050706
74,321,7,19050702
285,392,0,19050709
472,220,1,19050711
286,390,6,19050711
98,23,0,19050711
185,497,2,19050705
130,405,2,19050706
311,347,4,19050704
253,443,5,19050708
406,351,2,19050706
63,311,3,19050706
218,91,5,19050706
116,157,4,19050710
444,177,0,19050708
366,409,9,19050710
475,197,8,19050702
467,452,8,19050709
180,207,1,19050702
240,150,9,19050707
117,370,2,19050710
200,358,7,19050710
209,267,8,19050710
200,270,4,19050710
377,341,2,19050705
78,125,8,19050705
409,42,7,19050709
155,388,2,19050706
142,352,4,19050711
151,268,6,19050709
182,197,4,19050702
377,9,1,19050703
339,163,4,19050702
294,373,5,19050709
460,396,2,19050702
192,427,4,19050702
426,148,8,19050706
346,213,6,19050705
51,233,9,19050708
478,16,8,19050705
290,424,9,19050710
85,353,4,19050708
120,95,6,19050707
43,376,2,19050708
257,157,0,19050703
71,297,7,19050710
11,359,2,19050710
58,287,5,19050703
130,46,7,19050705
114,78,1,19050707
13,173,0,19050703
154,136,9,19050709
92,46,8,19050704
365,41,3,19050711
467,281,4,19050704
137,351,0,19050709
45,0,6,19050709
254,475,0,19050704
160,5,7,19050707
158,87,1,19050708
362,105,8,19050708
33,385,5,19050708
178,43,9,19050709
222,487,8,19050704
487,143,6,19050704
129,294,8,19050702
243,68,0,19050711
230,238,2,19050704
379,470,0,19050708
314,126,5,19050704
477,242,2,19050708
357,470,7,19050703
164,228,1,19050703
114,144,3,19050703
259,404,0,19050706
144,321,1,19050705
113,316,5,19050708
302,312,1,19050709
260,297,1,19050707
301,182,7,19050706
247,161,9,19050703
194,407,9,19050704
296,103,9,19050708
158,425,4,19050705
448,324,4,19050708
293,227,7,19050708
302,43,7,19050709
396,90,0,19050711
377,19,0,19050709
172,14,1,19050704
260,9,4,19050702
90,133,8,19050702
328,320,2,19050702
170,98,9,19050711
368,426,8,19050702
14,219,9,19050708
218,491,3,19050709
69,225,3,19050705
257,312,4,19050709
37,95,1,19050706
55,399,7,19050709
245,55,8,19050710
277,420,8,19050710
348,131,7,19050708
381,290,3,19050704
152,409,8,19050708
156,64,1,19050708
361,262,9,19050710
68,212,4,19050711
443,468,5,19050704
217,439,7,19050709
309,312,4,19050704
440,225,4,19050702
425,473,2,19050709
376,453,1,19050711
208,258,2,19050702
167,251,2,19050705
414,431,1,19050708
236,26,8,19050711
133,353,2,19050705
156,185,8,19050707
73,141,8,19050705
61,191,3,19050703
127,134,2,19050705
99,6,9,19050708
478,217,3,19050707
121,25,6,19050708
384,265,8,19050706
446,203,4,19050702
136,279,6,19050706
213,447,0,19050709
475,266,3,19050709
284,14,2,19050704
420,494,6,19050705
499,295,9,19050706
212,405,1,19050705
59,223,3,19050702
296,163,3,19050710
299,318,5,19050702
1,130,9,19050710
27,27,0,19050702
141,109,8,19050704
208,6,3,19050702
408,89,3,19050702
76,379,1,19050709
304,153,4,19050707
200,180,7,19050708
199,446,5,19050708
143,392,2,19050709
466,335,3,19050705
438,12,4,19050706
352,332,2,19050708
86,154,3,19050706
319,65,7,19050707
98,464,2,19050706
17,376,0,19050711
338,14,4,19050705
199,230,4,19050711
36,70,6,19050703
36,436,3,19050703
51,328,3,19050707
75,257,1,19050707
290,190,2,19050709
384,56,5,19050708
208,92,7,19050705
27,33,4,19050704
301,423,5,19050704
252,477,9,19050710
225,350,4,19050711
351,212,9,19050710
21,454,3,19050708
137,491,9,19050707
375,216,7,19050705
211,491,0,19050704
407,336,5,19050707
493,281,1,19050711
479,469,0,19050707
498,297,4,19050702
263,428,5,19050704
401,52,5,19050710
368,454,3,19050710
62,463,4,19050702
151,81,3,19050704
171,203,9,19050704
110,183,4,19050706
159,197,2,19050703
322,411,2,19050707
282,139,5,19050703
292,75,0,19050706
79,251,3,19050708
32,64,5,19050703
400,368,3,19050704
495,415,7,19050706
236,323,1,19050705
292,233,2,19050706
486,63,9,19050711
394,224,1,19050704
394,228,6,19050703
483,444,1,19050707
103,179,5,19050706
428,182,4,19050707
275,406,8,19050708
111,250,0,19050706
207,329,5,19050710
386,341,3,19050705
258,454,8,19050706
419,402,5,19050705
345,184,2,19050706
307,232,5,19050708
169,197,6,19050702
363,252,2,19050706
41,113,9,19050704
121,52,9,19050708
350,499,8,19050702
227,292,4,19050705
77,156,4,19050709
428,22,4,19050703
151,84,8,19050705
194,437,4,19050702
357,23,0,19050706
458,93,6,19050709
251,119,4,19050707
319,432,1,19050706
139,445,9,19050704
296,325,1,19050708
220,69,6,19050711
471,67,7,19050704
489,22,0,19050707
321,172,3,19050711
253,99,4,19050711
48,270,0,19050703
91,273,6,19050709
360,99,3,19050708
238,233,9,19050707
163,176,1,19050709
357,244,1,19050704
29,337,9,19050704
228,346,8,19050702
236,104,2,19050703
30,429,6,19050703
97,487,2,19050706
364,141,8,19050711
207,335,3,19050707
332,233,0,19050709
442,307,9,19050707
460,469,9,19050707
284,351,7,19050706
433,381,7,19050706
449,26,3,19050706
266,369,5,19050702
390,313,0,19050706
268,35,5,19050709
84,358,6,19050702
136,104,4,19050705
84,58,6,19050708
382,124,3,19050707
310,400,1,19050703
131,118,1,19050702
48,119,2,19050706
145,402,7,19050702
437,88,5,19050706
5,28,5,19050706
26,9,1,19050703
142,404,7,19050704
189,390,3,19050708
238,257,0,19050705
316,179,5,19050703
435,71,8,19050708
390,486,0,19050706
295,181,0,19050703
312,270,9,19050711
403,477,6,19050704
320,278,1,19050703
375,457,8,19050708
303,241,0,19050708
216,63,2,19050707
14,128,6,19050711
106,47,7,19050711
218,359,4,19050702
435,157,5,19050711
401,264,6,19050705
43,400,3,19050706
391,398,2,19050702
8,329,3,19050705
90,436,8,19050711
84,263,9,19050708
258,249,2,19050709
188,94,3,19050710
414,43,4,19050711
163,144,8,19050707
23,499,4,19050703
111,371,7,19050707
99,336,0,19050711
425,213,6,19050705
285,352,9,19050707
170,319,1,19050703
409,497,8,19050709
205,54,4,19050702
368,3,6,19050702
471,399,8,19050708
457,424,5,19050708
228,103,1,19050703
360,383,6,19050708
145,364,8,19050710
299,97,9,19050708
383,150,2,19050708
272,486,0,19050710
430,304,3,19050708
387,42,4,19050708
166,425,1,19050711
222,210,7,19050707
98,25,5,19050703
217,30,3,19050707
4,81,3,19050703
312,210,3,19050703
63,448,7,19050706
257,157,0,19050707
204,22,5,19050710
473,219,9,19050706
95,442,2,19050710
333,476,1,19050708
110,72,7,19050706
408,440,1,19050705
42,111,0,19050705
13,106,2,19050705
143,418,1,19050709
414,216,5,19050709
241,434,7,19050710
366,389,1,19050706
233,211,8,19050709
140,367,2,19050708
224,345,5,19050702
267,144,0,19050703
127,75,3,19050703
109,48,7,19050709
204,262,0,19050702
245,495,5,19050706
175,119,7,19050703
462,245,1,19050709
206,145,5,19050711
71,290,2,19050704
139,57,5,19050702
314,187,8,19050706
79,148,9,19050702
351,37,9,19050703
271,114,5,19050709
175,4,7,19050709
269,54,9,19050707
332,94,3,19050705
258,79,8,19050702
489,190,0,19050711
94,457,0,19050710
297,372,7,19050711
52,207,8,19050702
204,493,1,19050706
30,257,3,19050702
131,355,1,19050707
361,224,4,19050706
403,62,7,19050705
367,339,7,19050711
461,91,7,19050702
489,240,1,19050710
211,75,5,19050706
224,387,7,19050705
311,108,5,19050709
328,277,2,19050708
57,8,8,19050711
228,447,2,19050704
2,325,4,19050708
131,108,4,19050702
492,374,6,19050711
18,71,4,19050709
357,452,1,19050708
180,489,8,19050706
399,15,4,19050705
26,1,2,19050704
402,324,2,19050704
35,120,0,19050707
344,382,6,19050707
111,10,2,19050706
185,292,1,19050702
254,272,2,19050706
58,121,3,19050710
143,210,0,19050705
426,3,7,19050708
280,123,9,19050704
117,33,2,19050710
396,440,7,19050709
322,127,9,19050710
431,439,9,19050707
21,253,8,19050705
170,424,1,19050710
53,50,8,19050705
302,233,9,19050706
32,337,8,19050702
2,178,4,19050711
491,370,1,19050703
63,447,3,19050702
475,7,0,19050706
355,22,3,19050702
158,380,8,19050711
178,398,2,19050711
488,37,0,19050709
414,39,0,19050711
491,426,8,19050709
74,380,7,19050706
37,140,1,19050707
306,431,5,19050705
154,308,0,19050703
200,331,1,19050705
491,335,6,19050711
119,303,5,19050711
212,16,4,19050707
1,441,7,19050710
480,186,2,19050708
52,16,4,19050703
433,49,9,19050708
465,309,4,19050702
485,59,2,19050708
393,252,0,19050709
393,233,6,19050703
45,8,0,19050707
337,296,0,19050702
98,313,7,19050705
122,48,4,19050707
479,244,5,19050703
58,495,7,19050709
259,431,4,19050708
8,379,1,19050702
97,127,5,19050704
55,27,1,19050704
467,194,3,19050709
205,129,4,19050706
161,312,6,19050710
38,134,9,19050705
119,198,6,19050709
14,222,7,19050711
294,219,9,19050708
24,107,8,19050709
427,224,7,19050710
237,85,0,19050704
486,254,7,19050710
339,111,1,19050703
154,315,4,19050705
497,277,5,19050709
378,353,4,19050711
322,150,1,19050705
79,351,5,19050708
387,228,8,19050711
304,24,6,19050711
188,285,0,19050702
419,222,4,19050705
227,60,5,19050707
330,43,8,19050711
416,356,2,19050707
51,274,6,19050707
396,177,2,19050708
212,201,1,19050710
137,497,2,19050711
337,28,5,19050702
56,402,0,19050707
351,254,4,19050711
379,376,2,19050709
8,325,6,19050709
439,166,3,19050707
494,248,6,19050704
87,293,7,19050708
343,263,7,19050709
330,170,8,19050711
256,17,7,19050704
348,228,8,19050707
260,454,6,19050702
69,4,6,19050707
250,42,2,19050711
307,448,5,19050703
159,471,5,19050710
458,64,9,19050709
174,246,4,19050708
101,227,2,19050708
454,122,9,19050707
83,290,4,19050711
137,218,7,19050707
55,429,0,19050705
477,221,1,19050705
76,351,1,19050705
493,186,5,19050709
437,230,1,19050705
218,288,7,19050711
182,329,6,19050711
307,219,0,19050706
391,405,9,19050704
353,312,6,19050710
385,109,5,19050706
282,22,6,19050702
160,393,1,19050709
289,344,4,19050706
286,369,6,19050702
305,383,6,19050710
171,371,8,19050703
360,157,0,19050710
350,75,5,19050705
312,172,3,19050709
388,231,5,19050705
126,105,3,19050704
360,176,4,19050710
186,414,9,19050702
338,82,4,19050708
375,146,4,19050709
91,90,2,19050710
221,364,4,19050709
105,310,7,19050710
309,116,3,19050705
276,317,0,19050703
352,224,4,19050703
124,114,4,19050707
414,145,7,19050711
228,18,1,19050707
294,28,7,19050703
268,96,9,19050706
35,322,2,19050706
443,203,4,19050710
202,274,6,19050703
242,7,1,19050707
90,323,3,19050711
397,150,8,19050708
77,253,7,19050707
229,345,7,19050705
224,198,1,19050709
113,134,5,19050705
125,179,5,19050703
469,151,2,19050707
220,193,3,19050711
215,238,7,19050711
10,253,6,19050708
137,8,6,19050708
226,390,3,19050708
371,322,5,19050703
204,133,3,19050705
242,199,3,19050705
465,298,5,19050711
327,308,5,19050707
345,95,2,19050707
165,449,7,19050707
271,218,4,19050711
406,282,2,19050705
445,393,2,19050707
387,474,7,19050702
224,411,0,19050703
116,417,8,19050710
267,117,0,19050707
326,383,7,19050703
291,261,3,19050702
85,152,6,19050710
327,416,3,19050709
413,310,4,19050709
186,368,6,19050705
200,470,6,19050707
182,287,3,19050705
482,392,2,19050705
374,403,3,19050705
179,179,1,19050705
440,266,0,19050703
220,360,1,19050708
460,85,0,19050710
82,330,5,19050703
12,238,4,19050710
451,416,5,19050704
124,355,6,19050710
99,142,2,19050709
488,476,5,19050708
285,92,3,19050703
493,13,4,19050708
310,222,8,19050707
407,86,3,19050708
157,173,5,19050706
16,52,5,19050709
375,352,2,19050709
456,302,1,19050710
350,203,6,19050702
134,35,7,19050704
158,333,5,19050706
68,56,3,19050711
469,214,7,19050703
387,470,0,19050707
271,256,0,19050704
332,223,6,19050706
82,105,3,19050704
217,36,8,19050708
91,283,4,19050707
377,219,1,19050710
166,421,1,19050708
405,248,3,19050708
314,49,8,19050710
135,479,0,19050702
104,194,9,19050705
279,335,7,19050707
173,160,5,19050705
416,454,7,19050711
249,357,9,19050709
54,127,7,19050710
326,400,3,19050708
23,53,2,19050711
119,18,9,19050705
367,377,2,19050704
239,63,8,19050705
55,23,9,19050706
200,354,6,19050710
111,134,0,19050705
40,388,1,19050711
458,0,3,19050708
466,290,1,19050705
155,372,1,19050711
51,358,8,19050708
392,411,4,19050707
288,9,8,19050706
359,197,2,19050706
78,398,3,19050702
430,452,2,19050705
460,53,9,19050711
388,363,8,19050702
398,344,0,19050708
409,138,3,19050708
279,85,7,19050705
123,94,7,19050706
270,484,3,19050707
107,153,9,19050703
28,48,4,19050707
145,268,8,19050709
368,203,2,19050703
52,274,8,19050708
71,379,8,19050710
463,190,1,19050706
425,490,9,19050707
179,294,9,19050703
388,169,6,19050706
315,302,7,19050711
275,426,2,19050708
21,417,4,19050709
447,442,3,19050702
55,317,3,19050704
76,60,4,19050706
125,116,4,19050702
23,362,2,19050703
308,81,9,19050709
11,80,2,19050703
220,406,3,19050702
33,268,1,19050703
248,161,4,19050702
140,337,8,19050711
436,103,1,19050703
296,285,9,19050702
122,234,9,19050705
363,388,0,19050706
444,183,8,19050707
55,284,8,19050707
21,429,6,19050708
168,131,7,19050702
373,336,7,19050707
417,405,0,19050710
167,278,8,19050706
198,171,3,19050702
146,4,6,19050707
418,102,7,19050710
23,315,4,19050710
346,62,7,19050704
348,59,3,19050705
166,43,8,19050709
262,391,8,19050702
68,375,4,19050707
476,441,7,19050703
234,244,3,19050711
183,184,5,19050705
292,237,0,19050710
234,498,3,19050705
196,425,7,19050710
257,293,6,19050711
128,328,4,19050702
315,192,2,19050703
73,210,8,19050711
246,233,8,19050703
485,399,6,19050707
128,465,6,19050707
292,23,3,19050709
79,234,7,19050705
425,413,3,19050710
282,92,9,19050709
262,312,3,19050706
282,4,0,19050709
420,292,2,19050705
465,406,6,19050705
87,392,1,19050704
38,211,6,19050707
267,479,8,19050702
266,214,6,19050710
251,197,8,19050709
277,82,7,19050707
291,109,5,19050706
428,195,7,19050706
381,494,6,19050707
266,12,3,19050709
405,407,3,19050704
275,473,7,19050703
29,312,3,19050704
423,380,8,19050710
454,472,9,19050709
241,323,6,19050711
63,41,5,19050704
488,475,4,19050710
424,355,4,19050709
17,27,2,19050703
291,254,4,19050706
115,147,4,19050711
7,155,5,19050707
355,221,4,19050707
54,285,3,19050709
264,188,5,19050706
221,353,1,19050705
162,104,9,19050707
154,407,3,19050703
31,426,0,19050710
351,303,2,19050711
71,303,9,19050711
355,487,2,19050708
404,482,4,19050707
436,290,0,19050709
475,105,4,19050710
274,250,9,19050706
408,355,7,19050702
147,191,6,19050704
266,476,1,19050706
162,172,3,19050704
443,136,8,19050711
329,279,8,19050704
330,109,6,19050702
446,340,2,19050711
176,113,3,19050710
117,23,2,19050706
274,413,4,19050704
155,364,1,19050707
479,311,9,19050708
217,286,9,19050705
69,119,4,19050705
419,280,6,19050710
319,174,5,19050705
157,41,2,19050711
329,152,1,19050711
432,159,4,19050709
409,436,9,19050711
130,387,3,19050707
411,28,7,19050705
32,211,5,19050702
119,456,7,19050709
212,326,2,19050705
318,45,9,19050711
188,330,6,19050711
241,338,7,19050711
231,86,5,19050704
204,234,1,19050711
329,273,1,19050709
473,227,7,19050707
59,407,9,19050711
195,439,9,19050709
234,308,5,19050711
75,364,7,19050704
297,208,4,19050709
141,79,1,19050706
81,361,0,19050707
125,430,9,19050705
327,280,2,19050707
437,451,9,19050705
232,136,6,19050704
48,321,9,19050703
49,5,5,19050702
235,303,3,19050706
423,51,0,19050708
103,347,1,19050705
150,30,6,19050708
49,127,8,19050702
96,210,0,19050706
96,105,1,19050708
115,168,1,19050709
98,338,4,19050703
161,40,4,19050704
287,371,8,19050711
443,435,9,19050705
211,402,0,19050706
330,176,3,19050706
274,335,3,19050704
460,386,8,19050703
310,207,1,19050708
371,304,6,19050702
371,363,8,19050702
118,152,3,19050703
396,177,0,19050709
70,409,7,19050708
464,40,6,19050702
144,306,6,19050710
146,477,0,19050704
25,101,5,19050705
188,496,1,19050709
351,346,5,19050704
151,485,6,19050709
278,454,0,19050707
307,467,6,19050710
284,79,0,19050705
147,93,5,19050702
309,386,1,19050708
191,20,4,19050709
243,330,2,19050703
40,325,1,19050703
333,137,1,19050706
102,218,5,19050710
286,39,6,19050711
425,130,1,19050704
405,63,7,19050707
423,53,0,19050709
179,245,4,19050704
4,233,7,19050705
255,90,5,19050710
226,48,3,19050709
463,370,1,19050711
2,450,3,19050706
181,361,5,19050707
79,330,9,19050709
136,341,1,19050707
187,0,1,19050708
39,202,5,19050707
83,301,2,19050707
112,455,1,19050711
289,325,3,19050708
485,446,7,19050704
48,180,9,19050707
293,215,7,19050705
258,145,6,19050703
8,48,0,19050706
209,316,9,19050707
44,452,3,19050708
166,255,0,19050711
370,329,7,19050705
207,478,4,19050709
47,409,7,19050707
154,258,7,19050711
172,320,3,19050704
244,420,1,19050702
25,417,8,19050702
483,33,0,19050705
114,471,1,19050707
362,198,1,19050703
396,110,4,19050704
495,265,1,19050710
442,348,8,19050703
243,267,5,19050706
54,302,7,19050707
438,85,8,19050705
108,347,5,19050702
88,425,1,19050703
298,313,9,19050711
152,147,7,19050711
223,16,8,19050711
235,252,3,19050703
173,458,6,19050709
201,139,8,19050705
364,144,0,19050702
297,422,7,19050707
248,404,9,19050703
46,110,0,19050709
15,382,8,19050711
46,467,3,19050711
63,403,2,19050708
456,293,0,19050702
227,129,7,19050708
231,256,4,19050705
476,273,1,19050709
173,348,6,19050704
377,344,8,19050711
451,69,7,19050706
481,63,8,19050702
465,441,5,19050709
303,471,1,19050707
486,257,6,19050708
224,48,1,19050711
363,163,5,19050703
196,431,4,19050707
436,158,7,19050710
6,489,0,19050709
99,122,2,19050709
278,119,1,19050703
415,475,9,19050705
256,5,0,19050702
39,119,5,19050705
194,396,8,19050707
398,216,1,19050711
235,426,8,19050709
402,1,6,19050708
449,46,7,19050711
391,163,5,19050703
88,103,5,19050702
357,27,1,19050703
323,128,0,19050708
36,422,1,19050708
307,227,0,19050711
414,179,9,19050708
461,396,7,19050711
401,159,0,19050705
238,437,0,19050710
382,64,5,19050707
40,400,7,19050707
264,239,2,19050702
294,120,9,19050702
302,367,4,19050708
299,438,2,19050705
255,67,8,19050702
261,241,9,19050706
199,92,5,19050708
141,394,2,19050704
229,425,4,19050707
144,67,7,19050711
91,450,6,19050703
268,142,6,19050705
145,241,2,19050707
28,295,7,19050709
194,464,4,19050708
359,188,6,19050704
266,148,4,19050705
350,353,2,19050711
101,296,5,19050706
161,266,0,19050709
170,412,0,19050702
482,443,9,19050710
248,64,8,19050710
135,125,5,19050711
121,198,4,19050709
170,289,7,19050706
143,49,5,19050706
126,366,3,19050704
378,495,8,19050704
87,397,0,19050709
285,487,9,19050703
86,418,2,19050709
3,64,8,19050703
22,115,4,19050702
29,452,2,19050707
487,368,5,19050707
28,170,1,19050708
411,171,8,19050703
326,157,7,19050711
33,180,6,19050706
151,320,0,19050702
386,485,0,19050704
245,379,3,19050705
365,73,6,19050709
449,372,1,19050710
413,78,3,19050703
291,377,9,19050711
160,217,7,19050707
237,70,1,19050705
412,469,1,19050707
25,275,8,19050702
407,152,6,19050703
18,187,0,19050702
159,170,6,19050704
218,232,1,19050708
2,126,0,19050703
466,234,8,19050702
171,261,4,19050710
323,274,2,19050704
340,395,8,19050707
32,431,4,19050711
25,79,2,19050703
299,36,3,19050702
1,63,6,19050703
295,197,1,19050702
228,302,9,19050708
485,219,1,19050708
60,230,2,19050706
425,248,5,19050709
211,159,5,19050709
43,22,6,19050711
223,288,8,19050702
463,109,3,19050707
304,317,8,19050704
120,94,0,19050703
71,394,9,19050709
448,25,6,19050702
434,193,9,19050707
285,495,2,19050711
149,166,1,19050711
78,317,1,19050708
209,252,0,19050706
138,306,4,19050710
201,345,9,19050710
154,167,7,19050702
448,207,0,19050703
193,175,8,19050704
186,231,0,19050711
69,236,3,19050711
373,266,3,19050711
275,132,3,19050710
302,139,5,19050708
228,152,2,19050704
254,120,5,19050709
283,273,4,19050707
165,161,2,19050709
82,325,1,19050706
300,494,9,19050704
497,330,3,19050705
436,349,3,19050706
33,216,9,19050705
71,190,6,19050704
63,79,2,19050711
235,420,5,19050702
166,444,3,19050703
250,217,0,19050703
298,121,7,19050709
337,372,7,19050705
186,343,2,19050709
152,232,0,19050704
380,90,0,19050711
419,441,0,19050704
343,363,4,19050704
304,59,4,19050703
280,357,1,19050710
201,30,7,19050711
270,354,6,19050710
7,245,8,19050710
299,408,5,19050702
199,274,1,19050705
210,430,1,19050705
40,44,5,19050710
334,304,4,19050702
306,420,8,19050704
357,263,2,19050711
373,303,6,19050704
28,64,8,19050707
62,387,5,19050708
110,291,1,19050702
226,131,3,19050710
177,344,5,19050704
84,489,0,19050706
65,342,7,19050710
344,469,7,19050710
453,475,1,19050711
423,28,2,19050708
234,182,3,19050702
172,343,1,19050708
54,8,0,19050707
450,241,0,19050704
275,104,1,19050706
330,167,3,19050708
40,191,3,19050702
471,171,7,19050711
344,320,3,19050705
53,268,7,19050711
40,421,8,19050702
301,126,3,19050710
183,323,1,19050703
181,211,5,19050710
84,107,4,19050706
176,412,7,19050705
350,411,8,19050704
13,6,5,19050704
413,28,9,19050704
387,33,1,19050705
35,40,9,19050708
490,438,1,19050706
356,324,6,19050711
218,143,0,19050710
49,451,0,19050706
277,124,5,19050707
133,155,3,19050706
385,319,4,19050704
409,441,5,19050707
87,290,0,19050702
41,413,1,19050704
156,162,7,19050703
363,28,9,19050708
25,480,2,19050709
88,177,9,19050711
41,37,7,19050703
29,476,6,19050702
317,81,7,19050704
469,289,8,19050709
445,23,8,19050706
153,216,7,19050711
117,456,7,19050711
478,86,0,19050702
345,298,4,19050707
249,210,6,19050703
211,19,5,19050710
436,443,1,19050703
180,275,3,19050705
464,260,2,19050702
178,410,1,19050702
45,478,1,19050702
343,62,4,19050711
364,35,5,19050708
79,387,1,19050711
270,325,2,19050706
232,154,7,19050708
197,307,5,19050708
347,137,8,19050707
271,432,0,19050710
102,176,9,19050705
157,253,9,19050702
242,337,5,19050711
400,203,1,19050702
18,174,5,19050710
65,483,9,19050702
63,65,7,19050710
311,447,5,19050709
56,261,0,19050710
293,283,2,19050709
293,410,3,19050706
31,167,1,19050703
100,441,8,19050703
361,321,3,19050703
230,277,8,19050703
163,153,8,19050704
177,257,8,19050711
188,300,9,19050702
224,443,1,19050706
88,481,4,19050708
82,441,5,19050705
454,397,6,19050711
492,365,3,19050705
344,254,1,19050704
213,162,1,19050709
157,280,8,19050707
365,439,5,19050709
190,492,1,19050702
85,371,2,19050707
390,335,7,19050709
83,393,4,19050711
317,96,0,19050709
105,244,6,19050710
426,494,3,19050710
122,401,2,19050710
340,270,2,19050706
134,220,0,19050710
12,185,7,19050704
261,175,2,19050708
156,27,2,19050706
366,91,1,19050708
390,35,2,19050704
14,443,0,19050707
59,246,4,19050709
186,402,6,19050705
275,430,8,19050703
364,89,4,19050709
393,25,6,19050709
321,461,5,19050702
3,11,2,19050703
134,158,5,19050702
197,291,8,19050711
451,76,3,19050702
490,118,0,19050708
159,319,0,19050703
498,123,6,19050708
152,351,0,19050709
65,29,0,19050708
472,320,5,19050711
375,422,5,19050704
80,405,2,19050708
319,178,6,19050706
351,375,8,19050708
352,200,4,19050708
254,5,5,19050702
160,167,1,19050708
227,286,3,19050707
51,195,9,19050710
277,178,0,19050709
169,324,1,19050704
396,54,0,19050705
485,124,3,19050705
369,310,1,19050711
188,241,1,19050709
440,402,4,19050710
34,134,7,19050706
372,456,9,19050708
134,337,3,19050707
98,168,0,19050709
432,160,9,19050704
181,250,8,19050708
188,483,3,19050706
71,134,6,19050710
389,295,0,19050711
182,336,7,19050709
110,319,7,19050707
222,414,7,19050705
186,343,9,19050707
99,201,1,19050707
60,360,5,19050707
9,349,4,19050702
261,16,6,19050709
468,292,3,19050709
461,287,4,19050711
359,486,4,19050708
24,431,0,19050710
362,301,3,19050709
200,379,2,19050709
377,4,6,19050710
372,211,6,19050710
413,325,3,19050703
246,249,9,19050704
341,174,2,19050707
366,216,8,19050707
488,264,3,19050702
129,46,4,19050710
125,309,1,19050706
260,453,7,19050708
25,42,6,19050703
79,346,2,19050702
220,181,8,19050706
415,452,1,19050704
230,54,6,19050703
129,89,6,19050706
252,38,2,19050706
274,442,8,19050702
331,439,3,19050702
157,202,2,19050707
245,345,9,19050703
122,170,7,19050702
256,319,0,19050709
26,148,1,19050703
119,72,4,19050705
75,485,8,19050709
275,219,7,19050710
116,496,0,19050702
147,387,1,19050707
488,204,5,19050704
356,309,8,19050703
445,300,7,19050710
51,262,6,19050706
8,144,3,19050710
201,59,0,19050702
60,487,0,19050710
397,112,2,19050706
223,39,5,19050704
469,447,3,19050711
222,183,9,19050702
173,228,4,19050702
164,434,3,19050710
117,465,1,19050704
309,94,9,19050704
88,452,8,19050710
54,11,9,19050703
438,390,4,19050709
356,11,9,19050702
432,375,0,19050709
192,226,7,19050707
296,264,1,19050705
316,104,2,19050704
494,461,8,19050710
452,42,4,19050710
274,113,8,19050708
429,221,7,19050702
484,198,1,19050708
69,291,7,19050709
18,227,0,19050709
40,100,6,19050704
250,418,0,19050711
226,88,1,19050705
232,263,8,19050707
366,361,1,19050705
250,95,6,19050710
204,430,0,19050709
340,135,0,19050709
82,15,8,19050708
177,421,9,19050703
230,410,6,19050703
402,349,4,19050709
355,2,8,19050706
301,66,4,19050703
430,452,4,19050707
219,242,9,19050706
318,394,0,19050704
58,361,4,19050709
488,133,4,19050707
228,428,0,19050706
23,395,7,19050704
489,11,3,19050711
91,28,6,19050707
420,270,7,19050708
271,394,1,19050706
316,192,9,19050702
257,152,9,19050704
285,172,4,19050707
230,495,2,19050711
38,347,5,19050709
496,83,7,19050706
55,90,7,19050705
455,244,6,19050705
405,240,4,19050705
163,75,8,19050710
222,489,1,19050706
353,371,9,19050708
107,294,6,19050705
87,490,5,19050706
382,292,2,19050707
497,80,2,19050711
252,326,7,19050702
300,254,5,19050711
466,429,8,19050711
283,225,0,19050711
348,1,0,19050707
215,109,1,19050705
487,257,3,19050706
155,191,1,19050711
333,26,5,19050703
236,94,0,19050706
255,273,7,19050708
390,302,8,19050702
87,342,3,19050703
369,45,9,19050707
92,303,1,19050709
197,114,9,19050708
394,278,1,19050705
403,325,7,19050708
445,159,7,19050706
11,92,4,19050711
307,394,0,19050710
134,356,3,19050705
268,276,6,19050705
486,11,1,19050711
176,7,4,19050703
4,35,0,19050702
415,290,9,19050706
498,423,4,19050711
344,465,8,19050707
57,192,1,19050708
423,304,6,19050703
432,84,9,19050705
145,14,5,19050706
425,257,5,19050708
73,10,5,19050709
27,283,6,19050711
492,207,7,19050709
63,217,2,19050707
65,87,1,19050710
140,139,2,19050710
7,126,3,19050704
242,428,7,19050706
397,3,3,19050705
435,344,6,19050704
452,331,8,19050710
180,135,5,19050707
217,186,0,19050711
176,499,1,19050702
230,218,6,19050703
281,383,6,19050703
9,308,6,19050704
405,404,6,19050708
257,453,5,19050706
347,334,0,19050706
26,443,8,19050711
493,229,4,19050702
122,146,9,19050704
143,380,4,19050709
6,28,1,19050710
300,345,1,19050707
316,105,2,19050709
251,167,8,19050704
310,473,6,19050707
65,279,9,19050707
33,433,5,19050709
185,153,1,19050705
348,456,7,19050708
349,153,6,19050710
182,415,7,19050707
279,421,4,19050702
47,96,0,19050711
308,390,5,19050704
433,409,3,19050704
222,122,1,19050709
448,383,6,19050707
228,131,8,19050709
60,219,0,19050702
362,25,9,19050708
118,387,8,19050706
262,75,3,19050708
10,410,5,19050710
416,185,2,19050710
220,127,5,19050711
280,209,5,19050709
274,131,7,19050706
46,71,9,19050710
454,13,3,19050708
102,411,4,19050704
346,244,3,19050711
267,133,1,19050708
218,1,5,19050705
82,228,3,19050710
224,483,5,19050703
239,143,9,19050709
165,148,5,19050705
458,38,5,19050705
412,334,3,19050706
269,99,6,19050703
32,237,3,19050710
140,231,3,19050704
355,265,3,19050706
84,90,9,19050702
494,142,1,19050702
412,149,2,19050703
493,244,6,19050702
404,357,5,19050710
229,395,0,19050706
347,164,0,19050711
187,75,4,19050702
283,284,6,19050704
289,284,2,19050710
2,93,3,19050710
477,311,9,19050703
409,465,7,19050711
157,66,9,19050711
222,74,5,19050709
318,447,9,19050711
70,46,4,19050709
496,397,5,19050704
435,399,9,19050709
245,381,3,19050710
420,480,1,19050710
336,297,5,19050703
218,52,7,19050704
26,449,0,19050706
201,118,4,19050710
461,251,1,19050706
30,197,2,19050705
59,196,6,19050703
192,52,0,19050703
92,56,2,19050704
314,164,8,19050702
408,167,4,19050704
215,333,8,19050702
127,425,6,19050704
309,149,3,19050708
480,222,7,19050711
116,117,6,19050706
102,96,8,19050711
69,467,8,19050704
206,49,3,19050705
84,361,3,19050706
277,48,4,19050711
38,394,4,19050707
458,425,4,19050707
453,131,9,19050702
251,99,1,19050706
274,141,0,19050702
264,393,6,19050704
230,256,0,19050709
120,85,5,19050709
267,190,7,19050711
210,281,5,19050705
306,287,0,19050710
386,397,0,19050707
12,343,5,19050704
329,337,7,19050705
267,270,7,19050710
458,391,4,19050707
333,295,8,19050709
448,33,8,19050711
453,112,9,19050702
356,450,0,19050707
212,425,5,19050706
300,422,4,19050702
498,219,5,19050707
494,382,8,19050703
380,274,8,19050705
261,211,1,19050707
359,37,8,19050707
360,22,9,19050705
144,48,7,19050711
221,120,9,19050707
89,486,8,19050705
155,442,4,19050702
169,242,1,19050706
440,181,2,19050703
309,135,9,19050709
140,301,4,19050704
290,61,3,19050702
57,85,8,19050709
287,176,9,19050711
47,123,7,19050706
272,290,7,19050703
9,279,4,19050707
131,290,6,19050704
155,423,8,19050707
217,76,0,19050709
170,277,0,19050708
363,125,8,19050705
293,153,0,19050709
464,340,5,19050706
497,283,3,19050704
213,171,8,19050702
202,257,6,19050706
364,330,3,19050703
474,458,9,19050703
140,467,3,19050705
243,173,9,19050703
112,105,1,19050709
290,467,9,19050705
180,493,9,19050702
245,395,4,19050705
59,331,9,19050705
452,196,6,19050711
433,328,5,19050706
339,83,1,19050704
354,404,6,19050705
269,471,8,19050709
53,106,5,19050709
437,294,3,19050706
80,170,3,19050706
139,390,1,19050703
36,382,5,19050711
85,438,3,19050702
490,20,6,19050706
95,163,0,19050704
360,333,8,19050704
219,210,1,19050711
423,447,7,19050707
378,236,4,19050708
441,152,8,19050710
76,120,4,19050703
285,343,3,19050705
305,447,4,19050707
1,87,2,19050709
106,350,0,19050706
252,428,9,19050705
239,365,9,19050703
10,340,3,19050710
495,215,0,19050711
429,102,3,19050709
152,314,0,19050706
147,201,3,19050709
343,267,8,19050707
208,309,3,19050705
231,288,6,19050708
451,226,2,19050709
217,242,2,19050702
217,439,7,19050710
398,148,8,19050702
108,205,7,19050705
492,420,7,19050705
111,167,9,19050710
465,308,6,19050711
276,414,2,19050709
233,177,7,19050703
474,240,4,19050707
306,113,8,19050705
311,459,9,19050707
178,27,0,19050702
12,51,4,19050710
423,476,9,19050702
354,254,3,19050703
387,469,3,19050704
459,133,2,19050707
122,211,4,19050706
85,124,3,19050702
148,122,5,19050710
158,184,6,19050708
47,202,1,19050706
205,0,5,19050709
400,438,5,19050702
390,277,8,19050708
131,389,8,19050706
95,196,5,19050710
2,303,0,19050709
198,362,2,19050711
236,261,3,19050702
290,145,2,19050706
138,392,8,19050706
154,333,1,19050709
22,288,1,19050703
489,21,0,19050711
360,187,0,19050705
351,147,4,19050711
188,160,6,19050707
162,483,6,19050708
449,358,1,19050709
448,488,8,19050705
286,374,2,19050707
92,278,6,19050710
228,377,5,19050704
216,283,9,19050707
246,7,6,19050703
299,131,6,19050702
85,459,3,19050709
191,42,1,19050710
189,104,2,19050707
45,135,3,19050705
263,292,8,19050705
102,195,5,19050704
1,188,0,19050711
116,282,2,19050702
276,319,8,19050710
151,20,5,19050704
270,95,8,19050702
207,230,9,19050707
137,330,3,19050709
155,102,5,19050710
22,495,0,19050709
1,311,3,19050706
114,429,3,19050703
497,256,7,19050704
190,12,6,19050711
221,457,0,19050706
279,402,6,19050706
178,486,0,19050709
59,108,0,19050704
173,125,5,19050711
347,376,5,19050710
79,128,3,19050711
129,422,7,19050710
356,444,4,19050707
76,250,0,19050711
339,321,6,19050704
473,209,2,19050702
27,179,4,19050710
414,347,8,19050705
144,80,5,19050709
232,169,1,19050710
7,248,8,19050702
83,346,9,19050706
461,434,6,19050704
173,323,5,19050710
22,41,5,19050703
430,95,5,19050702
3,71,4,19050704
454,74,2,19050708
178,431,8,19050707
127,437,7,19050710
463,329,4,19050707
176,126,0,19050710
221,454,5,19050703
160,162,0,19050704
321,45,9,19050705
352,216,5,19050707
56,12,8,19050710
292,483,1,19050705
217,108,4,19050710
362,266,5,19050702
299,119,8,19050709
99,377,5,19050703
240,369,5,19050704
184,125,3,19050705
178,458,7,19050709
323,488,4,19050704
127,72,7,19050709
179,494,9,19050703
81,172,3,19050708
408,131,5,19050707
98,117,7,19050710
137,281,6,19050703
292,364,6,19050702
288,415,1,19050702
157,426,4,19050710
149,85,5,19050703
325,350,2,19050703
376,72,2,19050708
383,319,1,19050710
16,157,3,19050708
467,155,0,19050711
206,411,2,19050704
356,458,2,19050706
143,27,0,19050705
32,84,6,19050705
198,63,1,19050702
408,224,7,19050706
43,304,0,19050707
178,10,5,19050703
59,347,1,19050708
244,299,8,19050708
389,423,8,19050711
263,134,2,19050708
315,359,4,19050708
222,481,5,19050709
156,60,2,19050709
57,416,3,19050711
8,240,0,19050711
460,35,1,19050703
458,198,6,19050710
332,69,4,19050705
247,359,9,19050702
181,184,0,19050702
175,157,6,19050709
332,397,2,19050702
458,233,4,19050710
383,152,6,19050704
310,35,8,19050708
400,266,1,19050709
79,330,7,19050711
469,58,6,19050703
43,205,2,19050704
450,80,0,19050704
181,134,0,19050708
198,321,2,19050707
99,1,4,19050704
295,122,5,19050702
70,142,1,19050702
494,103,4,19050704
473,74,4,19050709
439,307,5,19050710
377,382,3,19050707
412,60,2,19050704
70,17,8,19050703
482,161,9,19050706
480,140,9,19050707
408,35,7,19050703
206,41,1,19050706
472,231,7,19050709
184,453,7,19050709
13,210,1,19050707
305,481,8,19050711
409,8,6,19050708
0,25,4,19050711
372,259,6,19050705
355,146,0,19050706
93,472,9,19050710
179,442,9,19050708
173,345,5,19050709
104,44,2,19050703
171,27,8,19050702
218,66,7,19050711
419,275,9,19050711
137,188,6,19050706
293,391,8,19050709
248,139,2,19050707
292,377,4,19050711
387,499,1,19050706
245,99,1,19050711
262,241,7,19050707
177,144,7,19050707
100,185,3,19050708
281,387,9,19050704
149,238,2,19050704
400,9,8,19050704
80,253,2,19050704
7,16,3,19050711
479,190,5,19050705
94,62,1,19050707
139,106,6,19050711
299,210,1,19050705
15,174,0,19050707
181,464,5,19050704
266,149,3,19050711
230,35,7,19050707
81,67,5,19050710
230,465,6,19050708
447,309,3,19050703
302,482,8,19050710
196,184,4,19050709
349,278,8,19050707
89,261,2,19050707
124,498,7,19050707
216,391,8,19050705
462,442,1,19050703
61,129,8,19050710
228,332,5,19050709
492,50,5,19050703
429,54,1,19050711
410,83,0,19050711
285,429,6,19050710
166,54,3,19050710
331,397,3,19050708
309,394,0,19050706
217,46,1,19050711
213,63,2,19050702
327,11,5,19050704
403,430,0,19050710
206,386,1,19050703
347,327,4,19050708
157,488,4,19050711
354,334,6,19050711
284,119,9,19050710
256,295,2,19050703
482,223,8,19050706
404,129,6,19050707
416,419,0,19050710
447,70,9,19050708
389,444,7,19050708
293,233,6,19050704
447,60,8,19050711
467,321,7,19050706
301,342,3,19050705
167,18,9,19050709
377,50,4,19050709
100,147,4,19050704
148,198,7,19050706
331,417,8,19050708
91,76,1,19050711
265,290,8,19050708
284,185,3,19050709
100,488,4,19050708
46,364,4,19050705
121,75,9,19050702
263,233,6,19050704
114,176,1,19050702
232,409,0,19050704
436,165,6,19050704
195,132,6,19050709
92,160,0,19050708
58,481,7,19050708
147,326,9,19050707
476,258,3,19050711
52,281,0,19050711
368,342,2,19050707
154,408,8,19050707
226,150,3,19050705
201,173,9,19050706
145,10,3,19050702
139,293,2,19050705
445,282,2,19050702
138,96,9,19050711
37,12,1,19050709
272,435,1,19050710
498,121,4,19050710
195,49,5,19050708
193,191,5,19050710
250,125,8,19050710
488,173,4,19050711
13,225,4,19050703
387,467,4,19050706
343,261,4,19050709
160,171,9,19050703
180,283,9,19050704
50,362,2,19050706
173,166,7,19050711
279,422,8,19050706
208,451,6,19050702
44,467,6,19050703
374,175,4,19050711
413,337,4,19050702
226,219,9,19050711
150,183,0,19050710
201,382,7,19050703
33,158,9,19050708
213,188,3,19050705
235,158,9,19050708
384,114,7,19050707
92,447,7,19050704
469,423,8,19050711
277,452,2,19050707
354,236,7,19050711
361,381,4,19050704
487,177,1,19050709
76,344,8,19050711
434,265,2,19050707
22,13,7,19050711
403,319,6,19050703
47,302,6,19050702
163,278,7,19050707
467,450,9,19050705
123,1,0,19050711
103,400,3,19050711
223,157,1,19050702
259,144,2,19050709
105,63,9,19050711
205,386,2,19050706
54,2,5,19050702
442,256,1,19050704
324,3,1,19050707
177,288,1,19050703
98,289,2,19050707
224,392,6,19050707
358,460,7,19050707
45,403,2,19050705
471,72,9,19050708
333,255,4,19050707
120,470,1,19050704
3,92,2,19050706
250,268,3,19050702
411,366,3,19050702
194,390,3,19050704
350,363,1,19050710
209,375,8,19050708
5,265,6,19050702
460,479,3,19050711
32,109,6,19050710
338,490,7,19050706
243,8,6,19050708
451,413,8,19050704
360,210,0,19050708
348,86,1,19050711
174,131,7,19050704
315,114,0,19050702
142,337,6,19050709
408,271,1,19050711
420,342,1,19050703
110,217,3,19050709
269,162,9,19050702
415,58,2,19050710
390,472,3,19050709
182,401,0,19050708
416,269,9,19050707
307,41,8,19050707
87,343,5,19050710
467,427,2,19050711
167,329,8,19050710
438,374,8,19050704
271,457,6,19050709
405,255,8,19050702
493,194,9,19050705
383,499,7,19050704
1,288,8,19050711
398,150,9,19050711
65,330,9,19050703
406,164,8,19050702
431,427,3,19050708
19,473,6,19050704
44,325,0,19050708
373,350,5,19050706
289,346,2,19050702
295,217,6,19050707
332,422,5,19050707
203,113,7,19050706
142,490,0,19050702
219,121,3,19050707
452,112,0,19050710
47,219,2,19050707
186,45,6,19050708
352,330,5,19050708
33,293,5,19050710
225,99,7,19050704
303,42,4,19050708
261,114,1,19050710
494,55,2,19050704
444,38,8,19050703
188,71,3,19050704
105,396,2,19050711
218,343,2,19050706
16,101,6,19050711
263,408,1,19050708
37,251,7,19050708
343,269,7,19050709
449,282,7,19050703
303,493,3,19050705
424,58,8,19050708
278,32,3,19050710
403,13,6,19050706
280,34,5,19050711
315,123,6,19050709
403,50,6,19050702
352,341,6,19050708
476,249,7,19050708
316,398,0,19050702
258,189,2,19050709
45,308,1,19050706
49,441,0,19050711
438,490,7,19050711
408,381,1,19050704
399,176,0,19050702
215,259,6,19050703
491,178,0,19050704
282,475,5,19050709
4,351,7,19050703
290,216,3,19050707
13,163,2,19050703
214,135,0,19050704
273,458,9,19050708
360,348,1,19050708
402,493,2,19050704
256,295,0,19050703
213,359,8,19050708
214,108,6,19050705
319,485,2,19050710
4,154,6,19050702
71,223,1,19050709
225,294,6,19050711
289,6,9,19050707
375,209,1,19050706
57,457,2,19050703
20,214,9,19050704
449,463,2,19050706
425,330,3,19050710
193,164,4,19050705
214,473,4,19050702
324,54,1,19050705
448,181,8,19050702
268,165,3,19050709
262,193,1,19050707
225,450,1,19050702
187,81,0,19050709
107,161,5,19050705
190,225,6,19050710
318,484,1,19050711
368,74,3,19050704
492,24,5,19050707
62,442,2,19050706
70,58,9,19050710
46,366,7,19050703
432,86,2,19050707
221,204,6,19050711
346,222,3,19050711
366,497,8,19050706
46,367,5,19050706
94,63,0,19050711
490,263,6,19050707
347,418,4,19050703
451,43,3,19050708
79,380,6,19050710
42,8,3,19050709
275,259,8,19050705
251,154,5,19050710
305,278,1,19050709
21,472,5,19050706
465,185,0,19050704
300,119,4,19050711
26,366,1,19050708
130,494,3,19050708
118,451,1,19050706
127,379,0,19050710
223,333,5,19050711
8,483,2,19050707
22,44,6,19050706
127,45,0,19050706
368,80,7,19050704
42,484,9,19050710
195,404,9,19050702
233,30,4,19050709
170,150,8,19050709
457,198,4,19050707
188,232,6,19050706
272,195,3,19050709
381,488,0,19050710
395,468,3,19050708
437,45,2,19050704
227,409,9,19050702
390,350,8,19050709
135,11,0,19050707
97,127,3,19050709
94,409,9,19050702
252,244,0,19050708
265,9,2,19050703
223,3,5,19050711
24,100,3,19050710
344,27,2,19050707
491,441,3,19050704
165,112,6,19050706
417,14,9,19050707
451,160,3,19050711
328,261,6,19050709
273,157,3,19050707
2,66,4,19050704
253,445,9,19050706
143,306,4,19050705
339,17,0,19050711
172,480,1,19050710
49,411,9,19050702
73,298,2,19050704
53,151,3,19050703
276,22,7,19050709
80,101,5,19050707
131,100,8,19050703
53,286,7,19050711
35,235,5,19050705
97,44,5,19050709
28,304,8,19050708
419,359,1,19050709
14,400,3,19050709
250,205,4,19050711
396,433,0,19050706
29,363,0,19050707
112,251,8,19050708
295,379,3,19050704
256,213,9,19050702
373,186,5,19050703
286,151,5,19050709
220,251,5,19050703
173,38,3,19050703
248,477,7,19050707
17,24,3,19050705
257,200,6,19050706
358,216,9,19050705
410,135,5,19050702
32,345,3,19050702
394,80,3,19050710
401,100,5,19050703
435,329,4,19050708
280,344,4,19050704
481,350,3,19050708
238,125,3,19050708
491,9,1,19050710
144,362,1,19050708
473,302,6,19050709
497,201,3,19050706
109,222,3,19050702
469,189,7,19050705
5,321,3,19050705
412,79,2,19050706
145,386,4,19050707
354,218,9,19050702
24,193,6,19050703
43,472,0,19050709
393,83,0,19050705
366,4,7,19050711
60,278,6,19050708
472,84,5,19050710
299,65,2,19050711
283,326,5,19050703
160,51,0,19050706
355,212,0,19050708
438,387,3,19050707
109,369,3,19050706
370,201,1,19050709
303,290,4,19050705
202,157,6,19050707
382,18,9,19050708
313,197,5,19050706
134,247,2,19050710
410,476,3,19050709
426,330,2,19050709
467,317,4,19050709
213,270,2,19050703
495,480,5,19050703
341,228,5,19050707
497,479,6,19050710
335,62,6,19050707
24,223,9,19050705
399,168,5,19050703
68,335,1,19050708
103,142,4,19050705
240,359,0,19050703
293,213,8,19050707
444,91,3,19050709
121,310,8,19050711
281,80,7,19050707
45,77,0,19050707
152,428,3,19050708
161,196,1,19050703
286,115,7,19050707
145,249,5,19050710
10,60,0,19050709
35,247,0,19050702
298,106,1,19050704
334,135,1,19050706
386,228,7,19050707
334,375,4,19050706
203,91,6,19050706
86,401,1,19050711
6,422,1,19050709
355,171,1,19050705
370,5,0,19050708
285,405,6,19050706
183,469,2,19050707
49,497,5,19050703
426,260,9,19050707
255,77,5,19050709
412,86,6,19050708
165,465,0,19050710
214,345,8,19050705
388,17,5,19050706
51,321,6,19050709
131,79,8,19050710
356,15,6,19050704
132,329,3,19050707
249,451,4,19050707
170,96,4,19050709
325,220,8,19050709
281,378,1,19050710
95,305,6,19050711
122,338,0,19050708
132,235,4,19050709
290,409,1,19050707
266,438,8,19050705
396,176,9,19050710
279,196,2,19050710
78,221,8,19050708
476,53,4,19050703
184,434,3,19050710
129,35,1,19050708
247,346,9,19050710
450,140,3,19050709
300,485,8,19050711
259,385,3,19050710
398,140,6,19050710
378,61,7,19050703
473,373,1,19050706
278,352,4,19050709
375,399,4,19050710
19,258,1,19050710
301,312,1,19050708
445,78,9,19050705
2,166,1,19050711
314,241,9,19050708
166,220,2,19050708
367,461,6,19050708
199,40,7,19050702
323,88,8,19050706
109,249,3,19050704
341,318,3,19050711
138,362,6,19050706
315,357,4,19050705
128,320,8,19050704
139,171,8,19050703
350,246,2,19050704
436,174,3,19050707
33,23,2,19050710
60,395,0,19050708
403,328,9,19050705
351,358,4,19050703
437,120,5,19050703
433,324,1,19050704
458,249,8,19050703
472,440,9,19050709
395,141,8,19050706
402,106,7,19050705
177,464,3,19050710
41,170,8,19050710
218,434,5,19050702
304,320,3,19050704
98,401,0,19050702
232,311,0,19050705
82,234,1,19050703
417,434,2,19050702
65,123,9,19050705
53,370,9,19050710
36,496,0,19050710
50,185,8,19050707
49,473,2,19050704
187,306,1,19050704
5,480,5,19050711
188,271,5,19050705
432,322,9,19050709
228,494,3,19050703
350,137,7,19050702
261,308,9,19050707
330,158,5,19050708
17,19,4,19050702
36,338,9,19050702
9,413,5,19050708
262,302,0,19050707
39,5,4,19050703
363,464,3,19050702
84,14,4,19050705
57,312,1,19050703
324,104,7,19050707
124,91,6,19050711
156,317,3,19050705
434,141,0,19050710
400,83,1,19050702
444,84,3,19050705
179,324,9,19050703
353,64,1,19050702
336,8,0,19050707
86,346,0,19050710
472,367,3,19050705
99,275,3,19050708
180,406,3,19050706
269,84,9,19050705
370,58,8,19050709
393,210,9,19050710
142,201,3,19050702
195,417,5,19050708
128,360,8,19050707
104,7,0,19050703
52,336,6,19050704
243,431,2,19050703
10,446,4,19050705
344,37,4,19050707
346,161,8,19050706
318,249,2,19050704
461,348,7,19050705
274,335,2,19050706
416,461,4,19050710
334,23,9,19050703
405,321,7,19050707
370,73,8,19050710
106,354,3,19050705
29,144,3,19050706
483,120,4,19050708
105,490,8,19050708
60,370,5,19050708
460,330,2,19050710
284,50,7,19050711
18,231,9,19050710
372,383,7,19050702
102,487,6,19050705
361,149,5,19050703
130,249,3,19050711
271,450,6,19050705
263,334,4,19050709
462,236,9,19050710
46,182,8,19050708
185,31,5,19050703
184,442,7,19050711
200,22,0,19050707
487,317,2,19050702
359,295,2,19050705
248,176,4,19050705
229,203,8,19050706
116,135,9,19050709
331,138,2,19050709
406,66,8,19050711
460,144,4,19050702
423,198,7,19050704
235,429,1,19050703
30,110,3,19050709
240,250,1,19050706
421,71,4,19050709
397,354,9,19050707
482,471,3,19050706
36,96,5,19050703
86,281,3,19050705
65,84,2,19050711
443,222,1,19050703
140,3,4,19050705
67,111,1,19050709
61,463,4,19050704
311,327,0,19050711
193,403,4,19050707
25,59,0,19050703
205,300,0,19050709
25,311,5,19050706
226,241,7,19050706
438,456,9,19050703
282,325,0,19050702
368,344,3,19050706
192,249,1,19050707
225,414,6,19050709
79,43,8,19050705
54,93,2,19050706
107,7,7,19050710
107,254,8,19050708
192,351,8,19050704
58,373,4,19050708
465,336,9,19050705
195,55,9,19050704
143,301,8,19050710
269,474,9,19050703
180,254,0,19050708
16,76,9,19050706
88,84,8,19050711
476,395,1,19050709
137,252,0,19050707
491,224,2,19050706
157,223,0,19050706
398,57,1,19050708
441,32,7,19050702
422,141,8,19050704
243,136,1,19050705
419,111,9,19050705
151,481,7,19050708
69,151,8,19050709
62,84,4,19050711
434,384,3,19050709
468,167,1,19050702
3,60,2,19050710
37,27,1,19050703
441,413,2,19050703
343,420,9,19050705
359,98,9,19050706
43,103,8,19050702
119,409,8,19050704
47,34,2,19050703
302,394,9,19050702
360,292,3,19050704
338,346,1,19050707
46,344,2,19050709
22,131,9,19050710
20,453,3,19050703
420,184,5,19050706
88,348,6,19050702
452,457,0,19050702
277,196,0,19050708
192,81,0,19050705
73,136,9,19050707
171,257,1,19050707
444,235,5,19050705
82,367,0,19050711
144,183,7,19050711
80,426,8,19050711
77,54,1,19050703
356,416,5,19050706
326,218,5,19050706
392,441,9,19050704
63,265,2,19050706
133,185,5,19050705
280,352,3,19050711
317,371,4,19050705
276,126,7,19050710
468,82,5,19050710
46,138,6,19050708
293,73,2,19050707
381,319,6,19050706
104,232,6,19050702
205,88,0,19050704
450,372,7,19050704
128,11,8,19050708
255,408,4,19050707
484,275,6,19050709
23,250,6,19050708
136,388,2,19050710
362,457,7,19050710
480,332,0,19050708
333,414,8,19050707
4,95,4,19050705
341,280,2,19050709
233,65,3,19050702
157,345,9,19050706
323,230,6,19050709
49,308,3,19050705
453,136,7,19050704
190,13,3,19050705
305,356,7,19050703
465,271,1,19050702
56,126,7,19050708
468,249,6,19050706
21,172,9,19050704
475,91,5,19050705
395,23,5,19050704
309,406,4,19050708
333,351,9,19050705
463,222,1,19050708
255,234,1,19050711
9,168,1,19050710
318,339,7,19050703
16,370,5,19050704
60,249,8,19050703
389,328,6,19050709
445,236,1,19050702
60,435,3,19050711
334,307,8,19050707
102,138,6,19050709
497,435,9,19050702
297,14,3,19050703
75,338,0,19050704
401,169,8,19050708
375,413,3,19050711
135,65,3,19050705
16,238,0,19050710
473,260,8,19050706
262,305,3,19050710
279,357,9,19050707
459,426,4,19050704
109,214,2,19050704
58,339,4,19050707
335,118,9,19050705
366,58,6,19050707
469,454,5,19050706
235,226,1,19050710
415,142,8,19050708
197,334,9,19050704
76,27,2,19050705
50,95,0,19050706
293,467,3,19050705
476,26,6,19050703
231,123,7,19050703
95,122,1,19050708
91,398,0,19050711
127,174,2,19050711
263,486,8,19050707
82,192,5,19050707
111,165,3,19050708
254,382,2,19050704
257,199,5,19050702
451,102,9,19050709
262,212,1,19050706
200,219,5,19050710
248,333,0,19050703
417,366,6,19050703
229,455,2,19050707
481,451,2,19050707
193,225,1,19050704
485,283,3,19050705
196,326,2,19050702
309,370,3,19050711
12,86,2,19050710
456,138,8,19050704
160,40,6,19050703
42,155,0,19050705
233,83,7,19050708
25,367,8,19050709
473,408,6,19050709
66,466,8,19050705
438,220,8,19050706
483,445,1,19050702
311,261,5,19050704
9,287,0,19050711
134,307,0,19050707
102,254,2,19050707
292,240,7,19050704
217,74,2,19050702
111,136,0,19050707
7,238,9,19050708
473,26,0,19050710
209,248,7,19050711
363,399,0,19050703
410,452,2,19050709
418,467,7,19050711
163,465,2,19050704
213,166,3,19050710
179,351,4,19050711
116,236,6,19050703
112,4,9,19050710
182,114,8,19050709
88,46,0,19050708
79,312,4,19050704
45,99,1,19050708
492,45,6,19050711
227,15,8,19050711
123,223,3,19050706
145,351,3,19050708
460,98,6,19050708
410,428,2,19050704
477,168,2,19050703
442,83,4,19050704
335,177,5,19050707
87,363,7,19050706
288,360,6,19050711
311,248,6,19050702
71,232,9,19050702
446,231,7,19050709
430,38,5,19050710
374,44,0,19050709
41,351,2,19050711
10,432,1,19050704
89,369,3,19050709
418,472,5,19050702
241,288,7,19050706
201,403,0,19050710
40,284,2,19050703
324,257,9,19050707
411,22,9,19050710
238,248,1,19050706
325,285,3,19050706
481,351,8,19050702
198,200,9,19050704
232,27,4,19050702
64,394,9,19050706
1,249,5,19050706
221,366,8,19050705
359,68,4,19050711
250,2,0,19050707
133,282,5,19050708
251,139,5,19050708
396,150,2,19050710
335,453,1,19050702
185,137,3,19050704
234,206,7,19050703
289,16,8,19050710
231,327,4,19050708
12,148,9,19050706
358,225,0,19050705
268,250,2,19050703
494,318,4,19050703
160,28,1,19050711
428,350,7,19050711
326,478,5,19050706
38,59,8,19050704
39,383,8,19050704
136,445,6,19050705
192,426,2,19050703
252,316,3,19050708
208,278,6,19050707
489,170,6,19050704
338,183,0,19050703
81,334,5,19050711
305,156,3,19050705
186,313,5,19050705
254,136,9,19050702
16,335,7,19050711
0,261,1,19050707
127,230,0,19050711
79,339,5,19050709
97,227,3,19050707
203,274,7,19050702
263,417,2,19050704
224,341,0,19050705
450,402,0,19050702
327,354,9,19050710
310,433,3,19050711
161,319,9,19050703
136,327,9,19050711
45,423,4,19050708
399,73,8,19050706
432,88,4,19050705
480,327,6,19050707
465,170,4,19050708
174,244,4,19050703
456,353,0,19050706
56,157,2,19050703
326,122,1,19050706
275,276,8,19050709
85,212,8,19050707
435,368,6,19050711
358,158,5,19050702
98,195,7,19050704
403,255,6,19050702
133,436,8,19050707
28,457,7,19050704
480,439,1,19050704
80,62,0,19050707
426,52,3,19050711
147,25,4,19050710
482,411,2,19050710
60,419,5,19050702
306,89,9,19050702
399,287,6,19050703
367,376,8,19050702
3,401,8,19050708
251,142,6,19050711
77,498,5,19050708
185,218,7,19050711
276,46,1,19050703
347,216,9,19050708
241,116,7,19050704
127,310,2,19050710
484,437,9,19050704
70,210,5,19050707
81,168,0,19050703
402,343,9,19050708
224,455,7,19050708
178,443,5,19050710
443,458,8,19050703
388,286,8,19050707
162,78,8,19050704
315,101,5,19050703
490,139,7,19050708
22,225,6,19050703
404,382,8,19050702
350,157,9,19050709
293,266,3,19050708
26,154,0,19050706
246,60,5,19050710
59,498,8,19050705
260,235,7,19050707
42,80,2,19050702
89,256,0,19050708
251,158,9,19050702
198,318,0,19050703
468,3,0,19050702
168,152,1,19050709
158,29,7,19050707
224,215,0,19050705
195,397,8,19050705
276,431,4,19050702
291,74,9,19050710
447,135,2,19050708
243,145,0,19050702
401,371,9,19050702
257,479,9,19050707
332,450,0,19050702
453,436,5,19050709
223,146,3,19050707
13,256,8,19050710
316,344,2,19050706
229,30,7,19050709
299,479,7,19050702
486,193,3,19050711
428,166,4,19050704
224,157,3,19050708
489,473,3,19050710
348,372,6,19050708
35,453,9,19050702
95,52,9,19050704
484,410,8,19050708
28,133,2,19050708
343,342,5,19050704
283,111,6,19050706
413,419,8,19050705
342,220,5,19050709
252,344,6,19050703
11,4,9,19050705
94,238,7,19050702
473,341,2,19050706
61,393,7,19050703
85,93,8,19050711
80,156,8,19050708
115,3,7,19050702
415,484,6,19050708
39,399,5,19050702
141,171,6,19050702
401,31,4,19050705
62,24,1,19050711
166,218,8,19050705
355,334,4,19050708
242,67,7,19050704
275,401,8,19050709
485,203,6,19050708
8,491,0,19050704
391,191,8,19050708
181,149,8,19050711
230,122,5,19050708
476,336,9,19050704
312,62,0,19050707
76,258,9,19050708
351,339,0,19050705
492,496,5,19050711
407,415,8,19050703
306,193,4,19050709
372,400,9,19050704
200,381,7,19050703
131,80,7,19050703
249,7,1,19050704
143,94,1,19050708
349,340,4,19050703
231,194,1,19050704
493,28,3,19050705
388,319,8,19050709
270,392,0,19050709
204,437,5,19050702
445,106,8,19050702
393,112,3,19050703
399,441,5,19050703
80,186,5,19050704
83,488,4,19050706
491,39,1,19050708
414,46,7,19050703
9,474,8,19050707
410,414,2,19050705
60,227,2,19050711
266,177,9,19050705
72,294,0,19050707
123,367,7,19050702
481,89,0,19050709
182,381,2,19050711
24,454,7,19050704
264,157,5,19050708
289,395,7,19050709
449,472,3,19050707
220,493,2,19050708
81,325,1,19050706
486,120,8,19050704
177,5,1,19050704
480,104,7,19050707
150,0,0,19050703
73,256,7,19050710
271,240,8,19050709
200,128,1,19050711
86,155,9,19050705
232,452,1,19050707
342,36,2,19050709
16,64,7,19050707
241,377,3,19050709
489,3,2,19050705
297,302,2,19050704
373,174,0,19050703
292,112,2,19050710
142,394,6,19050707
151,379,5,19050703
459,188,0,19050704
441,479,1,19050711
383,55,0,19050706
303,212,4,19050703
174,230,7,19050709
255,139,7,19050702
102,299,2,19050711
73,256,5,19050702
467,302,4,19050703
437,382,4,19050704
350,39,4,19050711
4,355,4,19050707
4,446,8,19050708
294,271,9,19050707
5,103,2,19050708
337,403,7,19050703
369,217,1,19050703
431,64,6,19050705
418,465,2,19050709
299,26,3,19050708
33,481,2,19050710
104,376,8,19050710
143,198,0,19050702
152,177,2,19050710
481,141,2,19050705
230,244,2,19050703
447,117,0,19050709
0,183,7,19050703
156,63,3,19050704
165,459,8,19050707
30,188,7,19050705
213,181,7,19050708
322,27,8,19050702
95,33,5,19050707
186,496,0,19050710
90,342,9,19050706
137,249,3,19050711
349,17,7,19050708
293,404,3,19050705
483,54,4,19050711
426,90,1,19050704
480,269,4,19050703
240,238,1,19050705
132,15,8,19050705
100,144,8,19050705
72,453,8,19050711
196,291,4,19050706
153,68,0,19050708
61,399,0,19050704
496,128,7,19050710
75,273,1,19050707
42,452,9,19050708
371,275,4,19050702
432,38,4,19050706
364,428,4,19050707
265,148,4,19050702
438,359,5,19050708
396,230,8,19050708
278,217,3,19050706
380,469,1,19050703
313,47,7,19050707
25,65,8,19050702
316,254,4,19050708
19,231,6,19050710
478,402,9,19050703
222,4,9,19050709
10,450,4,19050710
116,333,3,19050703
93,394,7,19050711
454,302,0,19050703
453,240,6,19050711
319,159,6,19050707
221,231,7,19050703
417,351,2,19050703
394,257,5,19050708
309,103,1,19050705
155,226,5,19050702
25,222,4,19050709
149,323,3,19050707
479,306,7,19050711
25,71,1,19050708
331,355,0,19050710
372,447,9,19050706
397,60,6,19050705
317,68,8,19050702
253,457,8,19050710
135,45,1,19050710
417,105,2,19050702
228,252,9,19050708
77,121,3,19050705
413,14,5,19050708
81,283,7,19050705
250,253,6,19050703
217,138,5,19050703
22,406,1,19050707
355,463,2,19050704
354,430,3,19050704
413,384,8,19050710
99,83,3,19050702
25,182,2,19050707
106,56,5,19050704
293,67,8,19050707
132,56,5,19050706
260,122,0,19050707
454,95,8,19050702
398,313,5,19050710
384,136,3,19050710
391,68,4,19050705
77,279,1,19050710
41,351,1,19050708
187,164,7,19050702
56,144,2,19050703
284,435,7,19050711
211,35,0,19050708
468,185,4,19050707
91,211,5,19050705
181,268,2,19050706
295,310,4,19050707
121,388,5,19050707
278,135,6,19050709
377,222,1,19050706
51,275,3,19050704
475,442,1,19050708
401,93,4,19050706
482,416,2,19050711
119,331,0,19050702
56,7,1,19050706
401,155,2,19050710
360,144,0,19050706
185,460,9,19050711
364,206,1,19050708
247,271,8,19050704
209,309,4,19050703
93,150,3,19050706
57,383,2,19050702
437,180,3,19050707
429,199,3,19050708
389,227,0,19050709
31,194,6,19050703
372,492,0,19050711
107,287,3,19050708
238,387,3,19050709
377,355,0,19050705
57,288,5,19050705
163,171,8,19050702
267,66,8,19050707
36,87,4,19050708
8,304,7,19050710
118,83,1,19050702
83,318,0,19050711
199,263,8,19050708
104,192,3,19050704
124,97,1,19050711
339,272,7,19050705
312,430,1,19050709
51,387,4,19050711
353,237,2,19050702
204,259,6,19050708
480,457,7,19050708
108,213,6,19050708
466,133,9,19050711
449,299,8,19050706
431,41,4,19050706
118,416,1,19050702
170,97,1,19050704
418,31,2,19050710
126,150,0,19050710
183,31,4,19050709
110,278,7,19050704
169,437,5,19050703
481,409,8,19050706
449,35,1,19050710
463,434,5,19050704
423,197,5,19050706
317,185,1,19050709
91,135,1,19050702
298,424,8,19050705
246,351,8,19050704
411,176,8,19050711
338,115,4,19050705
390,270,5,19050707
453,92,6,19050711
174,49,8,19050705
434,46,9,19050708
441,358,5,19050702
451,405,3,19050708
72,407,6,19050709
236,182,2,19050703
492,482,3,19050703
246,263,5,19050703
153,401,1,19050709
116,416,7,19050710
385,316,0,19050706
114,60,8,19050709
96,4,9,19050705
361,436,6,19050709
156,497,3,19050707
28,308,5,19050710
49,310,1,19050703
118,116,7,19050703
472,39,9,19050711
86,490,0,19050709
445,11,7,19050702
292,365,2,19050707
11,91,0,19050711
463,195,9,19050709
143,493,5,19050711
242,309,8,19050703
284,109,3,19050708
424,448,9,19050711
64,154,8,19050704
462,253,4,19050707
28,499,7,19050706
254,207,3,19050709
392,496,5,19050706
387,261,4,19050711
240,499,5,19050711
307,28,1,19050708
56,470,4,19050702
287,463,5,19050704
136,90,2,19050709
56,108,5,19050707
488,25,6,19050707
399,414,7,19050710
224,45,7,19050702
456,462,7,19050708
290,174,8,19050707
81,29,7,19050702
368,29,1,19050708
134,299,0,19050708
88,136,5,19050703
21,289,4,19050708
293,349,7,19050711
496,357,9,19050705
284,141,6,19050707
365,382,5,19050711
130,65,1,19050711
217,496,9,19050705
13,36,1,19050709
233,435,9,19050710
489,320,9,19050704
183,404,4,19050708
340,119,4,19050704
57,257,2,19050703
307,329,4,19050702
192,415,6,19050703
444,100,5,19050709
354,366,2,19050707
117,496,5,19050704
124,354,9,19050706
195,179,6,19050704
477,335,4,19050706
129,190,9,19050711
27,341,3,19050708
23,256,2,19050711
207,387,5,19050703
212,146,9,19050706
289,185,0,19050702
271,37,3,19050709
313,171,6,19050703
423,324,9,19050706
119,496,1,19050708
13,147,3,19050711
303,18,4,19050710
457,222,8,19050708
2,219,3,19050702
107,429,4,19050704
354,196,3,19050710
211,137,2,19050709
359,101,4,19050709
298,132,7,19050710
105,215,7,19050709
496,218,5,19050706
170,186,7,19050703
463,298,9,19050709
294,432,1,19050705
462,136,2,19050706
490,64,5,19050706
61,243,0,19050710
160,467,0,19050711
349,122,0,19050702
254,320,0,19050706
277,117,4,19050706
323,330,6,19050709
350,303,3,19050706
428,88,7,19050704
448,311,7,19050704
197,250,9,19050702
23,298,3,19050705
456,252,2,19050711
87,54,9,19050708
26,303,5,19050711
196,312,4,19050709
486,272,3,19050703
116,65,9,19050707
375,318,9,19050711
249,131,2,19050709
379,170,5,19050710
47,425,4,19050708
132,53,6,19050704
410,4,7,19050704
225,280,8,19050703
353,187,2,19050709
287,98,3,19050704
481,499,9,19050709
53,211,9,19050710
416,218,4,19050705
212,391,2,19050702
18,408,5,19050707
95,324,8,19050709
275,152,7,19050702
129,440,0,19050707
55,403,0,19050702
113,233,4,19050704
493,310,9,19050707
32,236,8,19050708
389,485,6,19050705
397,65,1,19050708
63,198,1,19050705
488,373,2,19050708
408,65,7,19050709
0,120,3,19050709
428,399,2,19050708
38,39,7,19050710
424,90,4,19050707
31,84,8,19050710
71,367,1,19050711
303,456,2,19050707
143,487,4,19050703
320,373,0,19050704
331,286,7,19050711
138,61,6,19050706
324,150,1,19050706
224,433,0,19050709
448,138,4,19050704
226,379,5,19050710
377,9,0,19050710
222,479,0,19050705
119,282,1,19050708
292,163,6,19050702
246,13,5,19050703
389,184,3,19050705
58,216,9,19050709
213,400,8,19050711
454,107,6,19050702
25,30,6,19050702
391,488,0,19050710
204,131,3,19050709
324,14,8,19050702
144,443,7,19050711
53,343,9,19050711
68,75,2,19050705
102,195,2,19050705
235,469,0,19050710
140,104,0,19050711
26,194,4,19050708
192,72,2,19050711
353,300,9,19050708
458,186,1,19050711
328,42,6,19050711
10,138,8,19050704
474,253,3,19050702
453,472,8,19050706
200,322,3,19050704
436,326,9,19050711
8,491,7,19050709
41,95,1,19050703
65,495,9,19050706
282,206,5,19050709
428,342,4,19050705
373,383,1,19050704
310,356,5,19050706
429,76,4,19050703
258,383,0,19050703
63,85,9,19050709
456,26,5,19050711
95,181,7,19050708
134,356,4,19050703
301,36,9,19050710
313,12,6,19050709
200,187,7,19050711
278,494,7,19050708
178,308,3,19050711
27,264,6,19050706
439,43,2,19050704
101,239,0,19050710
168,333,3,19050706
348,479,9,19050707
210,122,5,19050702
369,313,4,19050706
360,45,6,19050707
170,473,4,19050710
424,394,3,19050704
454,213,6,19050702
47,494,9,19050710
374,390,9,19050704
76,69,8,19050702
162,262,4,19050704
464,402,8,19050703
99,372,0,19050704
446,355,2,19050708
306,243,8,19050709
162,208,7,19050706
347,182,3,19050710
260,45,3,19050711
199,130,9,19050707
69,332,2,19050708
446,227,1,19050702
37,262,9,19050706
496,189,1,19050702
326,4,6,19050710
213,479,5,19050708
64,159,7,19050708
273,452,6,19050704
459,181,1,19050710
424,445,1,19050702
79,404,4,19050705
356,415,2,19050702
239,306,6,19050705
375,341,3,19050708
454,223,0,19050709
80,132,3,19050707
41,360,1,19050711
449,6,8,19050710
109,409,0,19050705
241,143,7,19050710
323,204,1,19050708
229,301,3,19050709
51,43,0,19050702
58,463,8,19050710
316,154,4,19050710
277,156,8,19050704
344,114,4,19050703
78,360,7,19050702
312,404,5,19050703
172,13,8,19050703
455,228,1,19050711
284,382,1,19050703
19,360,6,19050708
451,189,5,19050705
382,257,3,19050702
348,51,6,19050706
178,256,9,19050702
84,282,9,19050702
496,32,7,19050702
45,192,9,19050705
322,2,7,19050705
243,296,1,19050702
62,304,2,19050708
352,413,1,19050704
393,314,0,19050702
259,57,3,19050709
259,318,7,19050704
59,178,2,19050707
182,478,9,19050706
302,245,3,19050711
218,148,1,19050708
485,260,7,19050705
81,236,2,19050704
63,25,3,19050708
76,57,8,19050711
348,296,7,19050711
225,367,7,19050705
6,34,6,19050710
90,48,9,19050707
42,391,6,19050702
107,337,0,19050709
228,90,2,19050703
140,381,0,19050704
79,51,9,19050708
132,46,2,19050710
462,28,5,19050710
429,347,9,19050702
239,74,2,19050706
454,461,2,19050702
1,209,4,19050709
319,139,2,19050708
228,151,8,19050711
465,467,4,19050711
491,212,6,19050711
419,106,3,19050705
349,448,7,19050706
486,406,9,19050710
42,272,9,19050711
82,56,6,19050711
83,360,8,19050708
250,328,3,19050704
401,284,0,19050702
295,64,4,19050705
367,62,0,19050702
121,171,6,19050711
207,206,5,19050707
470,70,1,19050707
97,472,7,19050708
17,356,5,19050705
357,485,9,19050708
483,112,7,19050709
173,305,2,19050710
263,60,4,19050703
388,444,1,19050702
498,228,7,19050703
372,61,2,19050707
453,330,5,19050709
41,260,1,19050704
353,489,7,19050703
441,438,9,19050708
387,0,9,19050706
205,439,8,19050706
400,12,1,19050707
348,423,2,19050710
427,318,6,19050707
348,271,5,19050706
59,65,1,19050710
488,138,0,19050704
317,298,8,19050709
122,283,4,19050709
13,347,1,19050704
46,322,1,19050702
81,498,2,19050706
136,482,8,19050706
484,19,8,19050708
135,270,6,19050710
136,334,5,19050710
389,58,5,19050708
318,99,7,19050709
467,326,2,19050709
374,454,5,19050711
140,318,2,19050711
273,215,8,19050706
105,285,5,19050705
26,291,6,19050702
293,348,1,19050702
488,244,3,19050704
258,70,4,19050706
481,2,5,19050708
16,218,7,19050703
391,50,7,19050706
160,364,5,19050702
135,117,4,19050705
104,340,8,19050706
378,404,0,19050702
388,351,0,19050704
234,30,0,19050704
280,207,6,19050704
435,97,1,19050710
22,485,5,19050710
384,18,6,19050706
190,421,4,19050705
486,72,4,19050711
344,81,3,19050704
418,163,3,19050709
223,149,6,19050708
53,215,4,19050702
256,189,5,19050702
144,104,4,19050702
349,79,5,19050711
95,45,4,19050708
496,176,0,19050708
312,6,2,19050706
345,38,7,19050706
106,72,2,19050704
286,282,6,19050706
461,414,4,19050708
158,484,1,19050708
462,327,8,19050703
20,102,8,19050705
422,21,6,19050705
8,340,8,19050704
70,162,2,19050705
146,215,0,19050705
296,391,9,19050702
54,216,2,19050704
99,220,4,19050707
490,360,6,19050709
358,343,5,19050709
125,250,3,19050705
165,171,3,19050706
333,187,7,19050703
245,497,8,19050708
172,36,6,19050705
463,253,3,19050705
36,40,1,19050704
367,487,1,19050704
223,227,9,19050707
137,279,5,19050708
414,463,4,19050707
96,306,7,19050702
15,342,7,19050708
26,137,3,19050704
438,215,3,19050707
11,231,2,19050711
156,395,4,19050711
27,292,1,19050705
331,118,7,19050709
442,56,6,19050709
116,493,6,19050710
297,242,4,19050702
349,274,0,19050703
68,270,2,19050708
404,176,6,19050706
192,488,4,19050709
303,95,8,19050710
369,50,9,19050711
428,28,7,19050704
303,166,8,19050703
313,450,1,19050703
164,81,0,19050710
194,424,4,19050705
323,426,3,19050710
260,454,7,19050702
65,306,2,19050709
2,415,4,19050706
264,370,2,19050703
450,437,5,19050706
47,158,8,19050706
185,470,0,19050709
380,166,7,19050705
384,334,3,19050706
10,165,4,19050707
299,446,2,19050707
315,379,7,19050709
216,109,2,19050706
227,72,5,19050708
134,56,2,19050705
433,272,9,19050704
281,4,0,19050702
86,75,7,19050709
319,461,2,19050703
479,128,4,19050706
29,344,5,19050708
198,316,7,19050707
294,435,6,19050707
316,385,2,19050705
447,169,4,19050710
266,132,3,19050709
102,374,5,19050704
24,187,6,19050707
376,108,5,19050702
302,311,1,19050706
20,311,7,19050705
443,350,5,19050710
286,146,2,19050707
439,251,3,19050706
186,326,5,19050710
446,272,9,19050711
246,493,0,19050706
215,225,5,19050708
80,370,8,19050703
4,361,8,19050708
448,297,5,19050702
177,323,1,19050702
408,357,3,19050711
105,72,3,19050711
109,104,9,19050709
243,25,6,19050710
187,209,0,19050710
194,308,9,19050706
444,410,8,19050710
251,209,7,19050702
346,434,4,19050710
10,460,4,19050702
206,344,4,19050703
15,398,4,19050710
342,207,7,19050702
306,414,6,19050709
440,308,4,19050706
62,80,6,19050707
426,463,8,19050707
292,27,2,19050709
209,282,5,19050705
298,88,9,19050702
198,368,7,19050709
19,91,4,19050707
255,3,4,19050705
418,320,0,19050710
207,458,8,19050702
94,105,7,19050711
48,152,2,19050704
5,128,0,19050708
409,91,0,19050702
322,60,5,19050709
260,439,9,19050707
392,456,0,19050705
355,370,9,19050707
419,379,5,19050702
447,184,2,19050706
53,237,1,19050706
352,321,3,19050711
342,301,0,19050709
254,408,3,19050707
42,2,0,19050706
309,189,0,19050709
326,263,9,19050710
298,326,1,19050707
34,200,5,19050711
33,309,2,19050708
95,241,1,19050707
485,390,3,19050706
233,66,9,19050708
380,327,0,19050711
356,119,1,19050703
92,375,7,19050709
59,161,4,19050708
488,230,7,19050705
119,9,3,19050708
260,308,2,19050706
205,62,9,19050702
55,195,4,19050708
345,235,7,19050708
289,413,7,19050708
328,279,0,19050711
200,373,7,19050704
445,57,8,19050709
106,207,4,19050704
101,208,5,19050704
104,465,0,19050708
119,6,5,19050705
441,429,0,19050704
133,126,0,19050710
199,433,4,19050709
292,388,7,19050710
418,63,3,19050703
136,39,9,19050702
498,309,5,19050705
218,482,1,19050704
490,318,4,19050703
429,110,9,19050711
325,346,0,19050702
442,58,0,19050707
182,113,7,19050710
299,421,8,19050706
231,222,7,19050707
264,190,7,19050705
49,315,9,19050706
131,11,7,19050706
475,114,5,19050705
385,219,3,19050703
86,479,7,19050708
90,252,8,19050711
370,336,8,19050708
18,447,0,19050710
104,174,4,19050704
432,104,3,19050703
88,173,7,19050705
263,59,9,19050703
139,367,1,19050710
479,231,4,19050703
291,123,3,19050704
76,477,9,19050704
205,317,6,19050708
13,496,4,19050703
331,461,0,19050706
29,433,9,19050703
156,190,1,19050709
155,74,3,19050706
231,86,3,19050708
348,162,1,19050708
368,136,4,19050705
263,141,6,19050703
183,50,7,19050710
146,422,2,19050706
279,177,4,19050710
56,64,8,19050706
438,455,2,19050704
74,173,6,19050710
154,181,7,19050703
422,139,1,19050703
192,308,0,19050709
140,253,8,19050706
444,222,3,19050709
321,182,4,19050702
27,196,7,19050705
314,141,7,19050704
74,208,2,19050708
480,148,0,19050705
79,491,4,19050706
350,457,0,19050710
292,242,0,19050710
124,85,6,19050711
402,411,8,19050709
244,241,1,19050702
440,151,6,19050711
154,90,5,19050711
495,356,1,19050702
432,475,6,19050706
284,379,5,19050709
164,348,7,19050707
384,427,9,19050708
268,217,8,19050711
273,196,7,19050706
234,72,5,19050711
332,346,8,19050710
18,38,3,19050711
320,195,4,19050709
369,473,5,19050704
268,369,3,19050703
63,135,5,19050706
406,166,2,19050711
453,281,7,19050711
83,125,9,19050711
327,135,2,19050702
168,100,0,19050703
119,462,4,19050705
363,322,8,19050702
173,232,4,19050710
343,279,8,19050711
401,110,4,19050702
399,72,9,19050709
367,183,1,19050704
163,193,0,19050708
211,261,9,19050711
250,491,3,19050708
287,319,8,19050708
322,17,8,19050702
141,194,5,19050710
490,152,0,19050706
147,234,1,19050707
85,86,8,19050702
28,215,5,19050706
271,189,9,19050705
463,492,1,19050702
481,113,3,19050707
197,399,3,19050710
428,413,9,19050707
174,336,6,19050706
499,30,3,19050703
405,232,2,19050702
353,356,3,19050707
229,412,8,19050707
47,428,4,19050704
225,148,6,19050704
18,269,3,19050705
386,461,4,19050705
4,183,9,19050703
88,340,6,19050709
198,225,3,19050703
108,405,3,19050711
457,429,4,19050708
86,79,0,19050708
26,115,3,19050707
350,360,2,19050705
50,43,3,19050709
350,175,0,19050710
414,198,7,19050705
283,328,4,19050703
51,220,8,19050711
84,213,9,19050706
453,308,1,19050706
371,110,4,19050703
384,185,4,19050711
443,90,3,19050707
259,312,1,19050711
133,85,0,19050706
404,57,1,19050703
411,132,5,19050710
320,410,1,19050710
107,410,9,19050709
123,342,5,19050706
3,316,6,19050702
153,280,9,19050706
76,94,2,19050709
406,224,5,19050710
79,472,1,19050707
57,177,1,19050708
127,377,6,19050710
91,232,2,19050702
499,207,5,19050707
389,230,5,19050710
51,101,1,19050702
175,202,5,19050706
85,43,0,19050708
210,19,7,19050707
126,1,1,19050704
204,360,0,19050705
439,296,8,19050709
397,165,8,19050706
445,484,3,19050706
155,378,2,19050708
193,178,9,19050704
31,262,5,19050705
353,336,4,19050707
193,407,0,19050710
272,219,1,19050708
176,377,4,19050706
232,345,1,19050710
452,27,9,19050703
390,301,7,19050703
16,105,6,19050705
205,190,5,19050706
353,461,7,19050711
335,138,3,19050703
499,205,5,19050707
193,50,7,19050711
57,434,7,19050704
42,32,6,19050704
222,252,4,19050702
294,112,5,19050708
145,279,5,19050706
183,211,9,19050708
113,473,0,19050710
10,323,2,19050704
133,6,3,19050704
128,372,5,19050704
165,36,9,19050706
69,414,0,19050702
286,499,3,19050707
206,470,1,19050711
273,386,3,19050704
185,345,7,19050703
434,442,1,19050709
172,124,4,19050704
244,28,8,19050704
317,252,2,19050708
185,276,9,19050705
280,289,9,19050702
403,231,4,19050705
204,438,1,19050710
251,352,2,19050707
308,92,5,19050707
356,414,7,19050706
490,482,4,19050707
36,92,7,19050706
409,265,0,19050706
360,44,8,19050706
410,252,6,19050710
315,287,3,19050710
3,459,2,19050702
486,137,6,19050704
238,493,0,19050708
178,92,3,19050711
401,234,1,19050707
257,271,2,19050711
424,257,0,19050710
58,454,6,19050704
286,457,4,19050703
126,171,6,19050711
202,464,2,19050704
451,2,3,19050707
52,323,5,19050707
19,76,5,19050703
149,188,7,19050708
155,458,4,19050711
152,405,6,19050708
350,265,0,19050704
315,96,3,19050711
293,224,0,19050710
366,12,7,19050702
21,210,4,19050706
24,284,8,19050708
149,453,3,19050702
36,283,2,19050707
42,401,7,19050708
348,70,3,19050703
74,304,2,19050707
18,42,5,19050702
22,264,9,19050709
358,316,8,19050708
32,135,6,19050711
243,234,8,19050707
62,238,2,19050702
78,322,8,19050710
383,32,2,19050707
344,45,0,19050708
484,49,4,19050703
475,151,6,19050709
48,220,5,19050711
167,281,4,19050703
248,296,1,19050707
490,213,4,19050711
420,192,1,19050711
222,454,7,19050708
21,388,8,19050710
498,291,6,19050707
120,408,4,19050706
131,320,4,19050711
370,260,7,19050708
53,344,5,19050702
197,240,9,19050710
400,262,3,19050708
51,38,6,19050707
399,36,1,19050711
493,223,7,19050707
392,470,5,19050704
322,129,8,19050710
63,165,3,19050703
385,123,5,19050711
172,264,1,19050704
446,3,7,19050710
143,183,1,19050707
331,490,8,19050710
122,483,2,19050711
148,119,7,19050704
206,202,8,19050703
121,157,0,19050702
323,395,1,19050707
60,18,9,19050705
310,52,8,19050705
279,67,8,19050710
102,309,7,19050706
178,192,3,19050704
460,483,1,19050710
420,482,2,19050706
453,238,7,19050708
279,179,4,19050707
168,432,3,19050707
86,412,3,19050709
73,11,3,19050708
28,271,6,19050703
241,332,6,19050709
210,85,7,19050706
141,84,7,19050702
130,369,4,19050710
387,382,0,19050707
476,285,8,19050702
426,48,3,19050704
318,366,3,19050709
66,175,6,19050707
23,190,1,19050709
202,194,8,19050706
361,155,5,19050704
258,308,8,19050702
251,81,8,19050705
241,401,3,19050710
444,39,9,19050703
312,493,1,19050703
16,265,7,19050702
279,314,7,19050710
122,398,8,19050710
136,285,3,19050706
232,312,4,19050708
151,85,6,19050706
184,478,1,19050705
472,181,0,19050711
182,111,4,19050704
259,93,8,19050704
360,31,6,19050711
336,175,3,19050711
112,84,5,19050702
449,131,8,19050711
57,325,2,19050702
6,494,2,19050706
194,364,1,19050705
86,17,7,19050710
97,359,2,19050704
212,385,9,19050704
249,14,7,19050710
394,312,0,19050705
340,189,4,19050703
400,6,8,19050706
311,480,2,19050705
139,204,3,19050708
470,109,6,19050703
394,89,7,19050705
9,141,2,19050706
344,473,2,19050709
448,157,6,19050710
448,208,8,19050705
380,40,7,19050704
485,377,5,19050704
80,326,4,19050707
284,413,4,19050703
450,338,9,19050702
77,297,8,19050705
130,54,7,19050710
223,372,7,19050710
299,433,1,19050704
350,401,3,19050702
355,247,4,19050703
427,184,9,19050703
455,90,6,19050707
246,334,7,19050707
231,104,7,19050709
308,468,7,19050708
0,251,7,19050705
417,470,5,19050707
232,3,1,19050709
397,354,0,19050710
47,406,2,19050711
163,403,4,19050711
327,390,7,19050704
286,118,3,19050708
314,431,2,19050710
461,84,0,19050708
391,475,6,19050704
321,78,5,19050705
108,153,7,19050702
243,374,9,19050706
197,438,6,19050707
269,208,6,19050710
175,429,4,19050703
459,102,0,19050703
186,429,1,19050702
355,445,2,19050707
67,425,4,19050703
438,401,5,19050708
459,450,9,19050709
288,460,1,19050702
263,3,9,19050707
7,120,6,19050711
281,337,9,19050710
499,338,6,19050707
98,261,2,19050707
390,178,2,19050705
404,406,9,19050706
250,270,7,19050710
496,323,3,19050705
181,186,2,19050705
35,201,4,19050711
465,332,6,19050702
96,161,1,19050708
241,424,9,19050704
273,137,7,19050708
257,394,8,19050710
97,465,7,19050707
414,493,1,19050707
375,190,8,19050708
449,296,6,19050707
66,423,7,19050706
355,407,0,19050711
58,148,7,19050711
246,10,5,19050707
469,35,6,19050705
426,213,0,19050703
93,473,3,19050709
383,223,8,19050709
385,251,3,19050705
98,44,8,19050703
103,447,3,19050710
73,298,2,19050710
473,334,1,19050710
208,431,9,19050705
319,40,6,19050711
217,3,2,19050711
11,120,0,19050704
293,410,5,19050704
9,229,9,19050706
231,364,5,19050702
364,27,5,19050709
474,75,3,19050709
344,22,0,19050709
130,145,3,19050710
343,99,4,19050705
154,100,5,19050711
37,326,8,19050705
182,30,5,19050706
470,270,2,19050702
309,393,4,19050708
116,453,2,19050710
413,337,1,19050710
170,28,9,19050702
294,153,1,19050706
193,360,7,19050704
129,6,4,19050710
37,423,7,19050707
321,46,5,19050706
78,233,3,19050709
151,430,0,19050709
107,414,4,19050704
263,296,4,19050707
143,326,1,19050706
492,462,8,19050705
345,160,7,19050711
163,57,0,19050702
385,387,1,19050711
398,476,2,19050702
179,176,3,19050711
90,30,8,19050711
71,29,3,19050709
262,369,6,19050706
94,102,7,19050708
357,325,4,19050703
13,344,0,19050709
148,308,0,19050709
186,187,7,19050703
482,114,7,19050706
188,339,2,19050705
76,400,6,19050703
90,479,7,19050702
183,394,0,19050708
76,207,5,19050711
392,327,5,19050702
93,9,0,19050703
265,161,1,19050709
98,39,1,19050708
300,307,0,19050706
155,326,1,19050707
149,458,8,19050710
121,142,3,19050710
475,162,6,19050711
103,452,8,19050707
251,196,9,19050703
431,36,0,19050702
356,113,0,19050705
161,333,9,19050708
150,130,8,19050709
368,383,1,19050706
471,427,6,19050702
20,237,4,19050705
31,260,2,19050705
124,9,6,19050711
314,227,3,19050702
24,56,3,19050705
123,19,6,19050710
427,121,5,19050705
441,73,8,19050707
223,295,5,19050709
231,293,8,19050706
363,455,7,19050706
447,457,4,19050705
9,147,3,19050705
417,316,7,19050704
340,92,4,19050702
7,137,7,19050707
21,296,1,19050705
257,413,3,19050704
372,242,4,19050706
326,369,4,19050702
330,107,0,19050703
473,1,9,19050711
120,123,0,19050711
356,42,1,19050710
449,167,4,19050702
367,264,7,19050702
45,304,8,19050707
191,335,4,19050707
345,68,1,19050711
392,401,0,19050702
390,268,2,19050702
211,399,0,19050711
127,307,8,19050702
337,40,2,19050709
15,246,4,19050706
455,134,4,19050710
210,213,6,19050708
142,457,7,19050709
393,472,3,19050709
248,189,6,19050703
98,17,1,19050711
36,11,6,19050708
352,76,2,19050703
433,429,3,19050710
261,446,8,19050708
95,4,5,19050710
278,270,5,19050709
184,93,9,19050703
66,114,9,19050705
247,295,1,19050711
270,427,3,19050707
270,44,1,19050711
444,421,3,19050706
375,437,4,19050711
204,2,8,19050706
420,169,8,19050711
322,145,5,19050709
32,346,7,19050711
402,304,5,19050705
17,51,7,19050706
23,484,9,19050708
317,128,3,19050702
73,237,6,19050707
481,113,4,19050708
231,40,5,19050702
89,173,9,19050710
5,160,0,19050702
63,7,4,19050706
186,38,3,19050703
352,304,1,19050704
288,397,7,19050711
61,174,7,19050705
88,179,2,19050709
161,336,8,19050705
452,270,7,19050708
440,272,1,19050706
332,339,6,19050707
438,138,2,19050710
203,11,9,19050707
385,173,9,19050703
451,370,5,19050707
171,76,9,19050711
112,220,4,19050710
474,16,7,19050711
277,373,2,19050705
35,408,5,19050703
5,464,5,19050708
34,236,8,19050706
32,284,6,19050709
96,90,4,19050710
217,391,3,19050708
242,193,6,19050708
271,42,2,19050709
416,319,9,19050709
198,105,5,19050708
26,443,2,19050711
488,16,4,19050703
163,137,1,19050709
63,102,3,19050711
470,214,2,19050702
408,416,9,19050707
255,328,5,19050702
161,302,4,19050704
174,142,7,19050707
361,177,0,19050708
185,13,7,19050705
0,479,2,19050707
420,106,3,19050706
379,381,2,19050703
168,2,2,19050706
412,108,1,19050709
337,470,2,19050710
414,144,5,19050702
263,131,0,19050709
179,212,2,19050710
401,76,0,19050706
42,228,1,19050711
134,178,7,19050710
326,247,1,19050704
52,224,8,19050706
115,38,4,19050707
425,152,5,19050706
66,292,9,19050708
461,404,1,19050706
44,126,6,19050705
481,383,9,19050710
168,32,5,19050711
91,261,2,19050708
466,86,8,19050703
447,289,5,19050710
245,172,6,19050704
371,258,5,19050707
112,215,1,19050702
466,42,6,19050703
222,99,1,19050702
267,75,5,19050702
341,88,6,19050706
294,474,0,19050711
413,3,3,19050706
408,185,3,19050711
102,63,3,19050710
196,178,8,19050710
190,226,1,19050708
122,470,9,19050702
110,284,2,19050702
476,49,4,19050706
56,463,2,19050706
345,344,3,19050711
242,392,1,19050711
173,196,2,19050709
435,307,5,19050703
374,450,8,19050705
378,264,5,19050710
499,219,9,19050711
70,3,1,19050703
190,36,5,19050707
141,279,0,19050705
16,306,9,19050702
64,345,8,19050704
57,272,1,19050704
301,268,2,19050705
344,167,2,19050705
84,391,1,19050703
279,42,3,19050702
368,418,2,19050707
432,159,1,19050705
344,369,9,19050709
489,120,1,19050711
413,271,5,19050709
95,212,9,19050704
75,115,0,19050702
49,229,3,19050710
252,201,1,19050708
313,255,1,19050709
275,399,8,19050706
38,95,1,19050706
389,280,9,19050705
427,482,4,19050710
36,141,7,19050704
382,307,7,19050709
407,305,7,19050702
401,64,0,19050710
83,107,1,19050702
271,101,5,19050710
424,360,1,19050705
277,157,3,19050707
398,19,6,19050710
378,345,8,19050702
426,242,7,19050706
407,138,3,19050708
325,373,5,19050711
325,270,9,19050702
335,123,7,19050707
370,426,7,19050710
313,371,9,19050704
166,294,9,19050709
22,364,7,19050704
426,305,4,19050708
301,424,3,19050710
16,307,1,19050709
119,202,6,19050708
425,178,2,19050711
137,276,9,19050710
446,81,6,19050703
471,87,4,19050707
83,133,9,19050704
301,66,9,19050705
93,484,5,19050707
222,240,8,19050704
254,112,6,19050709
42,248,0,19050709
265,462,5,19050707
16,348,1,19050706
387,189,4,19050709
463,381,4,19050708
98,148,2,19050705
17,477,6,19050708
178,51,6,19050710
395,251,2,19050703
331,405,1,19050703
174,46,1,19050708
128,207,8,19050706
339,158,1,19050703
58,491,8,19050709
121,458,1,19050704
479,320,6,19050708
465,442,5,19050704
490,122,5,19050703
128,438,6,19050711
219,4,5,19050708
112,422,0,19050702
104,64,8,19050702
82,49,6,19050707
191,438,2,19050705
438,452,7,19050710
281,369,4,19050704
334,365,8,19050703
48,355,6,19050705
152,324,6,19050707
3,4,3,19050709
119,218,9,19050706
113,367,4,19050704
399,432,2,19050710
433,417,5,19050706
377,61,3,19050711
351,177,4,19050704
384,497,4,19050705
262,269,0,19050702
471,461,3,19050706
158,245,9,19050709
131,332,2,19050710
427,349,0,19050708
193,72,9,19050705
210,108,4,19050710
457,403,4,19050706
39,194,2,19050706
272,9,6,19050702
221,413,0,19050709
166,226,6,19050708
173,251,8,19050711
230,355,0,19050709
426,117,1,19050710
127,475,4,19050704
266,3,1,19050706
406,180,3,19050706
266,484,7,19050704
370,204,7,19050704
150,102,6,19050703
398,113,5,19050711
33,136,2,19050706
352,71,3,19050705
108,34,6,19050705
315,478,4,19050704
320,465,4,19050705
224,248,8,19050706
358,6,7,19050702
429,74,1,19050705
110,293,1,19050711
5,341,0,19050710
392,399,7,19050705
12,58,2,19050708
421,376,7,19050702
103,427,0,19050708
175,165,3,19050710
149,466,0,19050711
307,480,4,19050706
460,177,7,19050709
172,406,9,19050703
113,443,9,19050702
138,30,8,19050706
354,62,5,19050710
281,388,3,19050703
212,68,4,19050706
460,65,7,19050711
300,148,9,19050711
257,363,6,19050706
324,366,1,19050706
46,384,2,19050709
273,83,6,19050707
399,226,3,19050703
231,137,1,19050708
10,419,8,19050705
368,108,1,19050707
473,202,0,19050710
298,175,1,19050707
231,36,1,19050709
413,166,6,19050704
135,443,1,19050707
23,82,0,19050711
437,455,5,19050705
76,438,3,19050705
154,147,7,19050710
32,412,6,19050702
238,130,0,19050705
384,121,6,19050708
379,136,7,19050703
280,229,8,19050711
252,293,9,19050709
344,459,5,19050708
424,257,2,19050702
381,189,4,19050702
428,257,9,19050709
393,304,4,19050707
264,336,0,19050705
333,88,9,19050708
405,173,6,19050707
154,408,7,19050708
372,337,4,19050705
82,88,9,19050708
146,280,3,19050702
412,300,9,19050702
457,363,6,19050709
327,280,9,19050703
172,239,5,19050709
399,115,7,19050703
432,390,8,19050703
136,226,2,19050704
150,59,2,19050705
310,419,7,19050706
475,160,1,19050710
17,26,4,19050709
72,311,7,19050707
88,485,4,19050710
353,413,0,19050706
39,482,2,19050708
470,434,2,19050703
351,117,7,19050703
112,483,0,19050710
58,133,9,19050711
186,251,9,19050704
292,342,0,19050704
152,340,9,19050705
374,226,9,19050706
268,224,6,19050709
52,211,5,19050710
484,250,8,19050710
470,409,0,19050702
427,416,6,19050710
107,285,9,19050706
184,88,4,19050710
297,225,1,19050702
273,78,3,19050711
445,64,2,19050708
70,148,7,19050709
25,94,0,19050703
96,475,1,19050706
473,127,6,19050704
197,473,5,19050706
402,141,5,19050705
304,422,2,19050703
250,385,9,19050702
159,255,9,19050706
452,108,9,19050710
371,125,1,19050708
419,140,3,19050708
13,456,5,19050711
494,313,4,19050709
487,340,5,19050702
12,426,0,19050705
109,305,6,19050702
369,275,6,19050705
438,61,0,19050702
328,70,7,19050704
338,413,3,19050703
362,452,4,19050703
82,203,0,19050709
293,35,5,19050703
93,267,3,19050704
151,417,9,19050705
261,56,8,19050703
178,422,4,19050706
293,113,9,19050710
390,314,2,19050703
420,154,1,19050705
286,186,4,19050704
455,380,2,19050703
2,209,7,19050705
283,332,2,19050710
217,74,4,19050710
130,63,2,19050710
65,203,2,19050706
412,242,3,19050707
451,97,4,19050711
205,410,5,19050707
370,444,5,19050706
67,301,4,19050703
433,236,7,19050707
446,101,6,19050707
43,189,8,19050704
113,285,1,19050707
83,367,0,19050710
2,200,5,19050705
451,78,9,19050711
211,460,2,19050705
353,341,1,19050702
120,169,9,19050704
112,107,1,19050709
360,426,0,19050706
358,452,5,19050705
237,445,8,19050707
107,365,5,19050710
235,382,9,19050708
164,228,2,19050703
120,161,6,19050704
93,398,1,19050705
111,451,0,19050706
193,24,5,19050704
190,2,0,19050703
476,265,2,19050710
474,253,6,19050703
158,312,4,19050710
124,374,3,19050704
362,122,8,19050708
42,173,1,19050710
108,343,3,19050705
394,160,6,19050707
452,422,2,19050711
75,324,9,19050709
387,160,5,19050705
431,65,1,19050703
66,400,2,19050711
29,211,6,19050710
419,497,8,19050707
491,347,9,19050704
264,379,4,19050709
160,294,7,19050704
252,316,7,19050711
148,423,6,19050702
402,460,0,19050705
420,211,5,19050703
459,18,1,19050709
103,224,4,19050708
479,367,6,19050708
124,365,2,19050706
49,195,9,19050702
283,450,5,19050704
12,454,6,19050711
41,72,5,19050707
291,197,4,19050702
317,332,8,19050708
12,34,9,19050706
241,158,2,19050710
399,367,4,19050707
346,495,6,19050702
476,310,7,19050702
73,493,9,19050702
162,443,1,19050702
173,158,7,19050705
10,430,5,19050704
180,420,5,19050707
148,329,4,19050709
318,255,0,19050707
270,231,2,19050706
469,359,8,19050711
326,326,5,19050709
404,241,4,19050704
423,359,3,19050702
425,487,9,19050703
261,423,0,19050703
135,243,9,19050711
165,296,0,19050709
17,447,5,19050709
12,31,6,19050709
139,218,5,19050704
4,80,7,19050707
168,303,0,19050710
479,311,5,19050711
288,360,7,19050707
34,470,9,19050702
238,157,7,19050704
189,305,6,19050706
196,469,8,19050703
467,79,6,19050708
191,492,6,19050711
135,381,4,19050704
193,302,2,19050708
187,75,7,19050710
374,413,7,19050708
249,92,8,19050710
48,447,9,19050708
31,346,6,19050711
488,177,7,19050707
350,368,3,19050704
24,159,0,19050704
158,14,7,19050709
206,20,0,19050708
276,287,0,19050710
240,424,3,19050704
436,329,9,19050706
135,326,0,19050704
141,113,0,19050706
270,113,0,19050703
491,403,0,19050707
79,106,0,19050706
268,65,1,19050707
102,475,7,19050708
287,210,4,19050707
22,299,6,19050708
156,244,3,19050703
22,370,5,19050709
219,31,6,19050705
307,399,9,19050703
366,415,4,19050702
221,465,9,19050704
226,228,9,19050708
380,463,9,19050703
28,129,0,19050708
102,333,5,19050711
262,230,4,19050705
424,401,4,19050703
298,0,3,19050705
431,234,5,19050704
4,272,0,19050711
223,224,8,19050705
14,243,7,19050708
109,2,4,19050702
230,32,0,19050707
90,316,3,19050708
24,183,8,19050708
413,116,1,19050703
394,346,2,19050707
306,225,6,19050702
144,406,5,19050708
9,475,5,19050711
431,145,5,19050704
189,94,9,19050709
83,418,2,19050705
339,337,4,19050707
317,423,2,19050707
140,25,6,19050706
417,309,8,19050710
328,111,4,19050709
339,413,4,19050707
159,190,5,19050707
278,240,6,19050707
7,172,6,19050703
491,57,8,19050710
306,74,1,19050711
92,474,0,19050710
378,64,3,19050708
104,262,4,19050702
472,246,7,19050710
321,364,1,19050702
171,363,2,19050709
382,84,2,19050704
143,157,0,19050705
300,383,0,19050705
289,322,8,19050711
441,259,8,19050705
104,155,6,19050710
293,111,2,19050705
352,73,2,19050704
222,18,0,19050711
441,356,9,19050709
194,80,7,19050703
129,195,1,19050702
214,52,1,19050704
231,251,3,19050706
324,121,1,19050705
449,225,3,19050702
265,124,7,19050704
455,28,4,19050709
168,14,8,19050704
169,448,0,19050708
385,187,5,19050705
238,67,3,19050704
405,197,6,19050705
452,187,0,19050711
452,114,1,19050706
209,461,7,19050707
314,285,7,19050710
91,26,0,19050710
285,94,6,19050705
329,56,3,19050702
292,240,2,19050710
355,309,3,19050709
80,231,5,19050704
191,114,3,19050709
297,319,7,19050704
217,29,5,19050702
52,360,0,19050710
139,34,0,19050711
318,33,9,19050705
14,414,4,19050703
41,104,1,19050708
266,145,7,19050710
334,319,2,19050711
53,357,4,19050703
43,315,7,19050705
311,386,0,19050707
421,164,5,19050702
174,65,5,19050711
237,239,4,19050707
299,160,1,19050705
178,221,5,19050710
468,255,2,19050709
422,166,4,19050708
234,398,4,19050709
405,388,9,19050707
287,92,1,19050709
190,430,2,19050703
348,123,4,19050711
179,45,4,19050709
33,483,1,19050704
191,313,1,19050705
188,482,1,19050704
189,233,6,19050707
208,5,8,19050704
322,148,9,19050702
444,3,5,19050705
24,12,8,19050702
352,119,9,19050702
227,380,0,19050702
455,20,3,19050710
158,472,8,19050710
402,34,5,19050710
438,59,2,19050705
475,342,6,19050708
463,340,6,19050702
264,218,3,19050709
273,211,1,19050707
415,233,0,19050703
487,365,5,19050710
59,65,8,19050709
471,473,4,19050705
44,43,5,19050704
382,392,6,19050711
189,399,5,19050707
347,340,2,19050708
238,30,1,19050709
344,358,7,19050707
25,156,4,19050711
130,350,4,19050709
56,491,0,19050708
451,72,2,19050709
253,170,5,19050705
189,372,4,19050709
301,348,8,19050707
487,248,1,19050711
296,8,8,19050706
37,472,0,19050702
351,378,9,19050710
3,291,5,19050711
417,130,8,19050706
308,284,0,19050705
490,232,6,19050711
44,119,5,19050709
114,483,5,19050710
270,239,5,19050710
241,172,0,19050707
31,150,4,19050709
147,17,9,19050703
419,256,7,19050702
174,216,7,19050704
466,412,4,19050703
350,298,5,19050710
280,191,3,19050710
162,224,0,19050704
322,149,4,19050710
15,65,1,19050710
185,369,2,19050703
274,98,9,19050708
76,478,5,19050710
1,248,5,19050711
488,142,5,19050706
396,98,6,19050705
114,352,7,19050704
35,383,8,19050707
298,96,3,19050705
267,154,1,19050706
294,437,3,19050705
295,296,0,19050708
459,128,4,19050709
71,485,1,19050708
414,345,4,19050706
322,269,3,19050709
102,256,0,19050703
150,103,4,19050709
423,474,2,19050705
368,248,0,19050710
307,160,9,19050709
228,376,3,19050702
483,322,6,19050711
62,38,5,19050704
297,33,4,19050710
490,442,9,19050709
282,139,0,19050711
102,9,6,19050704
294,103,9,19050707
224,165,1,19050708
342,334,4,19050708
495,315,6,19050705
386,256,5,19050707
420,405,1,19050705
223,387,6,19050709
76,164,4,19050707
225,147,5,19050705
140,402,5,19050704
111,0,6,19050703
209,305,7,19050710
448,356,1,19050703
427,143,2,19050710
359,248,6,19050705
148,106,8,19050711
239,323,8,19050710
301,433,7,19050705
56,266,4,19050707
341,18,6,19050706
345,463,6,19050707
109,272,9,19050705
52,475,1,19050706
170,258,4,19050703
9,268,7,19050706
312,172,1,19050711
466,51,6,19050707
241,93,2,19050707
492,386,5,19050702
404,376,5,19050710
111,278,2,19050703
161,206,4,19050704
170,387,8,19050706
442,247,9,19050711
72,494,4,19050703
113,464,1,19050706
432,308,1,19050703
228,23,2,19050711
149,131,9,19050707
225,176,0,19050709
291,12,1,19050709
38,349,8,19050708
11,210,5,19050707
104,412,3,19050711
466,492,0,19050705
89,463,4,19050710
152,187,5,19050702
168,300,5,19050703
161,51,2,19050709
158,29,6,19050708
430,281,7,19050704
488,489,2,19050711
301,431,2,19050702
58,188,4,19050711
92,496,4,19050707
293,458,8,19050702
458,282,0,19050706
179,108,6,19050704
391,219,8,19050703
487,371,3,19050706
275,411,5,19050707
209,19,9,19050710
365,180,9,19050706
21,398,2,19050704
409,207,1,19050706
475,327,7,19050707
77,447,6,19050708
115,269,1,19050703
411,152,5,19050711
374,353,7,19050703
378,482,6,19050705
494,149,9,19050708
239,335,8,19050711
270,76,4,19050703
486,46,7,19050706
486,367,2,19050705
103,346,8,19050707
68,62,9,19050709
13,46,7,19050709
140,496,0,19050703
402,313,6,19050706
362,152,4,19050711
355,442,0,19050703
429,306,9,19050711
219,226,8,19050704
163,306,6,19050707
384,149,0,19050706
483,357,0,19050706
481,141,1,19050711
141,31,6,19050705
70,354,4,19050707
455,205,2,19050709
20,64,4,19050706
232,176,0,19050704
269,54,6,19050710
297,19,0,19050706
85,201,6,19050708
237,377,8,19050710
212,296,7,19050705
358,60,8,19050703
385,460,7,19050711
227,31,0,19050706
79,369,7,19050707
373,381,0,19050703
132,258,5,19050710
155,299,5,19050703
82,484,5,19050711
302,245,2,19050706
367,53,9,19050708
255,494,5,19050704
260,168,8,19050709
84,443,5,19050702
96,295,6,19050711
113,259,5,19050704
152,404,5,19050706
342,60,7,19050706
224,1,0,19050708
285,256,4,19050708
130,477,6,19050703
450,86,4,19050707
74,359,1,19050702
252,370,8,19050710
487,456,2,19050703
442,23,4,19050708
342,57,6,19050709
286,181,4,19050708
49,112,8,19050709
34,467,4,19050708
86,99,1,19050710
236,143,2,19050711
59,353,4,19050709
19,323,3,19050708
107,472,8,19050711
174,277,1,19050711
456,78,8,19050704
311,122,1,19050706
47,122,7,19050706
113,444,6,19050702
65,216,1,19050710
407,165,2,19050708
343,445,0,19050703
275,435,2,19050705
213,152,9,19050702
13,111,4,19050703
425,75,2,19050702
49,170,2,19050702
390,483,1,19050711
218,85,2,19050711
134,29,9,19050708
112,22,2,19050707
376,7,5,19050708
247,247,3,19050708
353,190,9,19050711
101,273,0,19050707
216,458,4,19050704
347,139,0,19050710
354,456,6,19050711
194,118,9,19050704
481,492,6,19050711
153,340,2,19050711
145,337,4,19050705
29,308,0,19050711
340,312,2,19050705
432,180,5,19050706
53,494,9,19050707
214,97,7,19050706
86,245,1,19050709
22,120,9,19050703
481,204,7,19050703
373,355,5,19050706
126,10,6,19050703
356,25,7,19050704
415,446,4,19050706
372,400,9,19050702
54,19,3,19050710
98,225,3,19050710
369,323,2,19050707
339,287,8,19050707
390,327,1,19050708
163,484,7,19050702
446,9,4,19050707
137,189,5,19050707
493,199,8,19050708
294,166,0,19050711
298,9,9,19050704
69,185,4,19050708
399,174,9,19050709
35,352,7,19050704
12,40,5,19050711
476,42,4,19050702
10,88,4,19050705
448,315,8,19050709
111,399,2,19050708
473,1,9,19050710
218,305,6,19050711
46,280,5,19050711
460,226,9,19050703
130,396,8,19050702
454,11,8,19050704
139,334,8,19050705
141,108,8,19050704
22,373,1,19050706
42,489,5,19050710
391,222,2,19050704
309,362,3,19050711
463,24,3,19050705
175,229,4,19050710
196,359,2,19050710
445,304,7,19050707
234,182,2,19050708
117,56,7,19050706
282,167,7,19050703
365,297,9,19050710
124,163,7,19050704
340,96,4,19050711
380,289,4,19050702
144,222,4,19050710
325,477,6,19050707
440,199,1,19050711
442,188,3,19050710
64,328,5,19050709
250,8,1,19050709
28,15,8,19050703
257,89,0,19050709
403,88,7,19050711
203,191,4,19050702
413,211,6,19050706
217,167,0,19050704
100,440,7,19050703
284,318,4,19050706
315,355,9,19050710
194,429,0,19050707
264,156,7,19050708
459,23,8,19050704
36,340,0,19050710
7,130,1,19050707
64,330,5,19050702
242,354,6,19050708
290,52,5,19050711
407,197,8,19050708
368,373,9,19050710
245,481,8,19050703
309,312,8,19050704
336,306,0,19050703
91,38,8,19050705
62,265,7,19050705
273,160,7,19050711
233,138,0,19050710
217,52,4,19050708
204,203,0,19050706
5,499,4,19050708
287,152,3,19050705
492,244,3,19050709
262,311,4,19050711
384,40,6,19050705
359,114,3,19050707
437,320,1,19050703
260,179,9,19050705
144,461,1,19050705
274,119,1,19050704
260,347,0,19050707
191,379,2,19050707
122,136,3,19050709
498,452,9,19050710
5,126,7,19050707
39,59,6,19050703
223,52,4,19050711
31,496,0,19050705
76,299,5,19050711
394,301,3,19050711
319,68,7,19050708
470,40,0,19050705
307,316,7,19050707
416,428,5,19050711
359,472,7,19050704
306,316,8,19050705
473,279,3,19050705
10,79,7,19050707
469,408,7,19050707
80,330,7,19050709
311,119,3,19050710
247,256,9,19050702
193,18,3,19050710
241,372,9,19050711
344,291,4,19050704
97,164,9,19050706
55,433,2,19050703
107,446,0,19050704
465,418,1,19050708
64,271,4,19050707
274,322,3,19050703
266,212,2,19050706
466,356,8,19050703
147,158,8,19050704
217,129,8,19050709
0,393,1,19050709
153,163,5,19050710
52,189,7,19050702
28,423,8,19050705
84,488,6,19050709
309,334,4,19050703
152,287,2,19050706
401,314,1,19050706
87,353,2,19050705
346,477,5,19050707
268,475,2,19050703
493,258,8,19050710
480,117,5,19050707
432,39,2,19050709
143,12,5,19050708
0,463,5,19050709
189,223,4,19050710
3,92,4,19050709
220,58,0,19050706
332,330,2,19050710
396,319,9,19050707
208,210,8,19050709
412,135,4,19050707
212,222,5,19050707
17,211,3,19050710
423,16,6,19050702
382,483,3,19050702
8,303,3,19050706
361,225,7,19050705
392,272,4,19050706
68,180,7,19050702
490,294,9,19050702
133,198,2,19050705
412,11,4,19050709
175,53,6,19050711
217,188,7,19050711
408,233,0,19050705
165,324,9,19050709
452,111,5,19050705
117,281,2,19050705
194,359,0,19050711
402,169,8,19050703
264,14,6,19050705
226,30,2,19050702
470,497,4,19050706
432,181,6,19050707
431,330,4,19050702
458,115,0,19050710
440,95,1,19050703
462,159,1,19050703
246,65,6,19050702
358,465,5,19050704
66,118,0,19050709
485,441,6,19050710
479,1,0,19050705
400,2,3,19050711
214,291,2,19050702
458,374,9,19050705
417,262,5,19050710
107,96,5,19050711
100,101,4,19050708
304,288,6,19050708
322,130,6,19050705
316,115,0,19050709
448,400,1,19050704
181,316,1,19050702
132,174,4,19050705
285,250,0,19050702
27,88,8,19050710
389,223,8,19050707
90,396,4,19050702
331,131,3,19050708
422,75,5,19050705
441,193,8,19050711
485,299,8,19050710
26,170,3,19050708
66,346,4,19050707
135,307,5,19050702
97,421,5,19050706
464,458,6,19050710
342,148,7,19050702
159,64,5,19050706
1,150,5,19050706
398,391,8,19050709
444,92,5,19050702
405,26,1,19050706
201,18,0,19050704
483,113,7,19050708
232,151,6,19050702
179,184,9,19050707
23,198,6,19050710
293,482,7,19050709
183,106,7,19050703
167,101,9,19050707
105,147,9,19050702
335,441,4,19050703
208,84,9,19050708
411,198,4,19050703
106,291,4,19050707
206,221,5,19050706
76,440,9,19050705
110,397,9,19050704
384,196,9,19050706
475,478,0,19050710
255,253,2,19050704
459,353,6,19050707
66,202,1,19050707
286,341,4,19050705
477,182,9,19050709
292,320,5,19050703
234,94,6,19050709
429,21,2,19050710
27,248,9,19050706
292,446,1,19050704
17,92,7,19050705
115,348,3,19050708
372,53,5,19050710
446,256,1,19050709
103,59,0,19050710
246,286,6,19050706
340,382,5,19050711
442,486,6,19050711
61,322,0,19050705
34,192,8,19050710
470,366,3,19050709
292,490,5,19050711
427,477,6,19050706
105,133,5,19050705
264,205,3,19050707
146,427,3,19050704
425,23,9,19050706
216,463,0,19050708
283,455,5,19050704
29,101,2,19050703
300,405,0,19050702
460,161,3,19050702
199,406,3,19050709
95,79,3,19050710
29,186,1,19050711
106,322,6,19050710
163,79,4,19050703
145,217,1,19050706
201,91,1,19050703
42,439,6,19050708
240,438,0,19050710
460,60,7,19050707
284,280,1,19050711
275,340,6,19050709
138,68,6,19050702
237,201,4,19050711
201,81,3,19050710
410,125,0,19050710
431,336,0,19050707
80,433,0,19050702
32,302,0,19050711
248,224,6,19050711
494,439,1,19050703
93,160,3,19050710
256,55,2,19050711
276,373,7,19050702
447,419,0,19050710
310,417,1,19050709
370,47,0,19050706
207,444,3,19050704
41,280,1,19050709
371,151,4,19050702
42,252,8,19050708
485,80,4,19050702
116,341,5,19050711
185,11,5,19050705
215,20,4,19050707
37,15,9,19050706
447,475,5,19050708
494,57,2,19050703
299,480,6,19050711
380,344,2,19050709
374,44,4,19050703
453,438,5,19050711
399,149,9,19050706
375,83,9,19050702
395,498,2,19050709
48,97,7,19050706
16,45,1,19050710
152,404,5,19050705
52,122,2,19050703
313,296,8,19050705
416,231,3,19050703
204,7,0,19050703
418,415,9,19050709
143,10,0,19050703
257,267,6,19050707
46,302,2,19050711
41,104,0,19050711
401,294,8,19050709
46,74,3,19050707
20,320,8,19050705
444,393,2,19050706
323,385,1,19050705
249,39,1,19050707
383,404,1,19050706
171,3,5,19050707
345,337,3,19050704
487,469,7,19050709
441,42,8,19050703
174,191,6,19050707
85,353,4,19050709
72,120,0,19050709
279,238,7,19050704
280,11,1,19050708
306,471,3,19050707
421,361,5,19050704
282,35,7,19050703
66,421,6,19050706
466,1,6,19050706
497,412,7,19050710
88,401,1,19050709
151,93,3,19050710
466,285,3,19050707
35,482,6,19050702
236,272,1,19050709
123,316,9,19050706
302,261,7,19050705
244,246,7,19050707
115,438,3,19050709
233,385,3,19050705
162,495,6,19050708
420,494,3,19050709
479,189,7,19050711
370,201,1,19050710
112,495,1,19050709
65,254,5,19050702
274,274,4,19050703
131,270,1,19050703
451,407,6,19050705
492,109,6,19050710
496,429,9,19050702
34,396,8,19050702
78,232,0,19050710
72,163,5,19050706
358,416,7,19050711
187,240,8,19050711
204,416,4,19050703
427,439,0,19050710
246,212,3,19050709
359,441,1,19050703
410,72,1,19050710
139,92,6,19050705
54,161,4,19050710
144,188,6,19050703
164,388,2,19050703
58,462,1,19050703
36,499,1,19050702
469,369,1,19050704
154,454,3,19050710
350,153,4,19050708
490,448,6,19050711
364,491,1,19050710
99,267,4,19050711
190,397,4,19050702
178,456,8,19050711
136,287,0,19050704
138,34,2,19050702
296,57,2,19050706
203,452,7,19050705
125,34,3,19050702
354,368,9,19050710
371,366,4,19050711
84,274,2,19050706
20,172,7,19050705
392,322,8,19050707
402,35,3,19050709
367,418,7,19050706
448,130,8,19050706
458,107,2,19050711
107,152,5,19050702
165,72,6,19050703
165,63,6,19050710
140,14,7,19050705
274,319,8,19050709
68,295,8,19050703
77,420,6,19050704
77,455,1,19050711
354,68,0,19050711
366,403,7,19050705
467,12,7,19050710
122,40,0,19050707
320,451,5,19050707
345,5,0,19050709
80,164,5,19050705
449,401,0,19050702
353,348,3,19050707
138,9,6,19050703
360,364,0,19050708
223,316,0,19050702
434,102,8,19050703
331,107,4,19050706
491,447,3,19050702
401,485,8,19050706
205,203,5,19050707
1,315,8,19050706
408,92,0,19050708
204,149,5,19050704
467,229,5,19050707
249,179,6,19050705
289,376,5,19050707
54,484,2,19050703
285,437,3,19050709
427,50,6,19050709
13,474,0,19050708
349,339,1,19050708
116,337,1,19050708
108,54,6,19050708
361,89,4,19050703
269,250,5,19050703
263,408,0,19050706
448,498,8,19050710
33,36,7,19050711
481,438,5,19050710
4,163,2,19050703
83,361,1,19050705
196,56,5,19050709
213,347,4,19050705
237,476,1,19050705
233,447,0,19050711
309,330,9,19050705
434,128,8,19050704
136,276,3,19050707
248,431,0,19050707
100,119,0,19050702
479,222,3,19050702
181,403,9,19050707
476,266,3,19050703
281,41,5,19050709
497,292,8,19050705
60,461,1,19050709
255,219,3,19050711
287,392,1,19050711
185,297,6,19050704
315,493,8,19050711
419,55,3,19050703
233,56,3,19050704
358,173,5,19050704
264,421,4,19050705
278,393,0,19050711
167,197,0,19050704
79,221,7,19050709
418,177,6,19050705
94,163,7,19050705
485,302,1,19050704
32,450,5,19050711
292,357,2,19050707
321,96,1,19050707
345,97,5,19050710
238,87,7,19050702
68,213,1,19050703
293,281,7,19050708
293,417,5,19050709
102,152,4,19050704
263,134,5,19050703
346,484,7,19050702
461,375,9,19050705
302,378,9,19050711
64,475,6,19050702
320,265,9,19050707
265,236,1,19050704
275,5,5,19050706
108,48,0,19050703
488,220,3,19050710
147,155,3,19050709
89,326,3,19050707
182,337,6,19050708
159,13,3,19050705
253,0,1,19050702
283,221,5,19050707
300,363,7,19050706
230,382,0,19050704
65,183,3,19050708
208,250,3,19050711
412,285,8,19050706
398,3,4,19050704
419,397,5,19050707
69,218,7,19050708
88,438,0,19050707
451,288,1,19050711
273,443,8,19050705
364,147,9,19050703
11,358,7,19050707
151,57,7,19050704
210,227,9,19050705
90,120,0,19050708
217,495,3,19050705
185,371,9,19050704
244,96,9,19050711
169,191,2,19050710
190,456,9,19050703
174,472,6,19050707
53,86,9,19050704
327,48,8,19050702
169,151,9,19050710
243,400,2,19050704
265,375,7,19050709
253,176,2,19050702
499,417,7,19050707
89,103,9,19050702
459,192,5,19050704
150,88,9,19050709
473,367,1,19050706
152,196,9,19050711
111,181,6,19050708
104,359,3,19050704
452,258,0,19050711
486,128,1,19050703
18,62,6,19050707
270,70,6,19050711
301,418,0,19050711
485,472,8,19050702
391,183,5,19050710
112,430,6,19050711
374,403,3,19050710
15,213,5,19050705
42,310,9,19050703
466,27,3,19050707
139,308,7,19050703
204,408,7,19050711
110,229,7,19050704
454,250,4,19050708
398,280,9,19050709
427,105,3,19050711
457,63,0,19050703
472,432,1,19050703
307,125,9,19050708
203,175,0,19050709
368,473,7,19050707
6,238,9,19050705
312,315,0,19050710
2,419,1,19050710
369,288,1,19050709
386,72,7,19050705
270,432,5,19050711
355,64,8,19050710
164,175,2,19050704
180,61,8,19050704
267,68,2,19050704
55,66,8,19050705
404,195,9,19050702
281,191,2,19050711
293,356,4,19050710
42,247,1,19050708
206,172,2,19050709
29,180,4,19050706
80,399,7,19050707
205,277,5,19050704
305,154,8,19050704
108,302,6,19050703
414,292,4,19050708
239,249,4,19050708
384,373,9,19050703
447,310,0,19050702
80,193,7,19050704
136,381,7,19050711
183,323,7,19050704
274,441,7,19050711
128,387,9,19050705
336,496,5,19050710
177,216,7,19050708
413,340,8,19050702
194,402,5,19050706
180,420,7,19050707
158,78,5,19050702
294,255,9,19050707
441,481,1,19050711
258,70,4,19050711
112,258,3,19050710
310,284,1,19050709
415,100,4,19050706
322,490,4,19050705
117,405,4,19050706
495,106,8,19050702
477,99,4,19050708
327,371,4,19050708
108,373,3,19050705
81,143,1,19050710
177,341,9,19050711
121,55,7,19050702
444,410,7,19050704
456,43,0,19050707
213,117,1,19050706
277,181,4,19050706
464,295,6,19050704
259,3,0,19050707
294,411,5,19050704
83,323,5,19050705
134,67,6,19050711
94,88,1,19050711
125,322,1,19050706
47,450,1,19050707
82,455,6,19050705
402,152,2,19050706
0,266,5,19050708
209,220,2,19050708
58,347,9,19050705
284,175,3,19050703
19,51,3,19050703
235,460,3,19050706
15,342,3,19050703
206,302,2,19050704
415,39,8,19050704
132,158,9,19050704
290,261,8,19050703
499,152,6,19050703
137,334,6,19050708
268,62,6,19050708
392,259,4,19050705
255,491,3,19050707
181,141,0,19050708
114,369,0,19050708
364,142,1,19050709
68,8,6,19050706
201,180,8,19050702
338,156,8,19050711
415,453,1,19050707
209,24,5,19050707
435,109,7,19050706
373,47,2,19050702
131,245,7,19050702
355,462,9,19050707
351,72,9,19050710
200,22,0,19050707
396,380,3,19050711
313,493,7,19050708
166,227,6,19050704
184,225,0,19050711
156,428,5,19050707
268,324,7,19050704
350,299,3,19050709
42,136,4,19050704
186,171,5,19050703
302,53,4,19050709
391,381,6,19050702
154,171,0,19050704
394,283,2,19050704
271,62,2,19050711
315,274,0,19050702
313,100,7,19050705
463,120,0,19050710
38,63,0,19050704
128,282,3,19050704
65,70,2,19050703
362,105,4,19050708
313,405,6,19050709
211,153,0,19050711
125,425,7,19050703
20,474,5,19050707
161,288,6,19050709
9,333,1,19050704
29,330,6,19050709
156,358,8,19050710
467,425,3,19050705
9,26,1,19050710
383,272,0,19050703
385,400,2,19050708
215,147,4,19050702
30,425,4,19050703
242,252,2,19050707
376,184,5,19050711
221,161,3,19050710
329,466,0,19050708
213,326,6,19050708
331,185,2,19050706
47,25,5,19050706
238,409,3,19050702
454,116,0,19050705
350,192,7,19050711
479,24,4,19050702
486,210,1,19050706
137,430,6,19050708
455,104,6,19050705
6,178,3,19050702
353,353,7,19050702
150,120,6,19050711
457,232,3,19050702
467,359,2,19050703
382,178,2,19050709
74,318,3,19050702
85,380,0,19050704
132,140,7,19050705
173,27,9,19050704
265,233,1,19050709
307,334,6,19050706
120,184,3,19050711
445,86,1,19050709
367,434,7,19050707
427,38,3,19050709
251,442,4,19050710
284,9,2,19050702
134,80,7,19050708
100,99,5,19050709
331,403,0,19050706
155,365,0,19050710
282,111,4,19050704
397,249,4,19050710
67,319,7,19050707
469,181,9,19050704
34,451,5,19050705
398,415,0,19050709
425,383,4,19050709
302,203,9,19050705
447,234,3,19050707
137,236,7,19050706
494,6,5,19050710
26,417,9,19050703
323,131,7,19050709
108,137,4,19050703
310,489,8,19050704
290,388,1,19050706
483,302,6,19050711
237,71,5,19050709
71,340,1,19050709
61,498,0,19050703
181,476,8,19050702
275,85,6,19050703
238,308,4,19050705
463,216,3,19050706
200,117,1,19050703
232,461,8,19050709
111,430,1,19050711
190,68,2,19050707
462,157,2,19050702
207,200,2,19050708
303,456,2,19050706
445,183,7,19050706
36,68,2,19050706
486,25,9,19050703
5,263,5,19050711
495,217,7,19050707
266,223,0,19050706
340,250,8,19050705
63,77,9,19050711
212,375,7,19050702
405,365,2,19050704
483,382,0,19050703
44,13,2,19050705
488,310,4,19050704
36,169,2,19050707
418,107,7,19050707
285,361,7,19050708
492,201,0,19050707
84,231,9,19050703
90,425,7,19050710
307,98,8,19050706
423,84,2,19050709
99,369,7,19050711
412,140,6,19050710
87,382,5,19050709
369,65,9,19050711
165,181,5,19050707
285,441,8,19050704
171,458,9,19050708
466,165,7,19050707
146,419,2,19050711
96,287,8,19050707
305,397,3,19050710
457,393,7,19050707
230,443,2,19050711
199,482,5,19050710
344,74,5,19050705
351,1,4,19050703
158,369,7,19050703
356,215,4,19050710
302,378,0,19050703
131,360,8,19050706
262,488,4,19050705
181,52,8,19050704
28,459,7,19050710
74,60,9,19050708
157,193,8,19050708
387,220,2,19050705
65,358,1,19050703
342,493,0,19050711
139,297,8,19050702
151,132,6,19050708
34,382,1,19050703
464,237,2,19050711
471,291,8,19050707
455,320,1,19050706
106,389,8,19050710
5,144,4,19050707
242,162,6,19050706
218,148,4,19050704
475,421,4,19050702
230,84,5,19050710
400,464,6,19050707
133,232,9,19050702
372,103,4,19050706
407,203,9,19050711
98,185,8,19050711
494,333,8,19050706
253,113,6,19050710
71,439,4,19050703
191,78,4,19050706
287,397,8,19050704
316,439,6,19050711
186,337,6,19050703
478,163,9,19050705
158,311,8,19050706
317,18,8,19050711
90,369,5,19050705
259,438,7,19050707
390,477,6,19050711
250,169,6,19050709
268,137,5,19050706
281,438,9,19050706
275,277,6,19050707
172,262,8,19050703
180,393,0,19050704
284,135,6,19050706
219,408,8,19050702
335,125,0,19050706
243,100,8,19050703
344,123,4,19050710
100,80,7,19050711
47,280,4,19050706
283,449,0,19050707
200,334,6,19050707
475,55,1,19050708
373,25,4,19050708
2,206,2,19050704
433,417,7,19050706
272,268,1,19050709
150,26,4,19050702
428,115,6,19050708
466,290,0,19050707
477,259,1,19050708
483,378,6,19050707
463,324,7,19050705
45,269,5,19050706
389,386,3,19050711
373,137,7,19050702
201,197,7,19050711
418,152,2,19050710
447,203,0,19050709
397,361,3,19050704
255,83,2,19050707
421,300,7,19050710
60,144,9,19050705
433,114,3,19050706
410,390,8,19050704
317,155,0,19050709
434,328,6,19050710
427,2,3,19050710
291,151,7,19050702
64,1,2,19050708
116,468,4,19050706
79,155,2,19050710
113,424,6,19050709
209,468,8,19050705
181,371,9,19050704
52,371,8,19050704
365,418,9,19050710
34,395,7,19050707
117,76,3,19050710
277,153,5,19050707
454,451,2,19050707
461,110,2,19050711
272,13,8,19050711
418,219,4,19050702
476,246,2,19050702
472,226,8,19050709
408,301,1,19050711
469,475,9,19050709
64,75,6,19050704
358,102,6,19050708
237,74,0,19050704
96,16,7,19050704
6,216,9,19050708
183,213,4,19050707
432,25,3,19050711
418,156,5,19050706
323,98,5,19050708
163,96,6,19050702
297,362,1,19050709
365,399,1,19050708
319,325,9,19050708
475,335,4,19050710
77,426,2,19050702
318,124,2,19050705
479,336,1,19050705
182,178,0,19050709
421,155,0,19050706
423,221,7,19050706
193,181,6,19050710
86,17,7,19050710
458,416,3,19050708
80,21,2,19050703
61,183,7,19050708
420,195,3,19050711
307,239,1,19050708
252,491,0,19050706
57,13,1,19050703
422,392,5,19050704
370,179,0,19050704
203,318,5,19050709
253,457,2,19050711
447,222,3,19050710
374,59,5,19050707
10,188,5,19050710
165,40,7,19050709
409,201,4,19050706
49,314,6,19050709
307,6,9,19050702
235,223,4,19050702
244,21,3,19050702
78,441,8,19050709
355,11,0,19050704
207,139,3,19050708
23,433,2,19050704
436,147,0,19050702
8,397,1,19050711
65,113,1,19050706
232,85,5,19050705
123,305,3,19050703
78,472,6,19050704
355,373,4,19050708
327,418,2,19050702
466,423,5,19050702
468,251,8,19050707
379,432,4,19050708
218,97,7,19050704
469,365,4,19050706
322,64,0,19050708
221,461,1,19050709
93,439,9,19050708
26,350,8,19050709
30,330,2,19050707
289,5,4,19050710
258,452,8,19050710
130,199,1,19050709
49,10,5,19050711
26,325,9,19050707
486,192,6,19050706
94,17,2,19050709
409,63,3,19050710
262,453,0,19050704
129,429,7,19050706
68,302,3,19050703
321,118,5,19050710
176,289,4,19050706
78,79,0,19050708
426,449,6,19050704
72,385,2,19050710
257,171,9,19050708
147,142,0,19050710
78,232,7,19050703
399,196,4,19050706
22,151,5,19050704
55,12,3,19050705
47,442,5,19050711
457,286,2,19050707
37,306,7,19050706
37,100,9,19050705
461,254,6,19050705
104,309,1,19050708
300,2,1,19050708
328,245,2,19050708
50,434,0,19050705
241,115,5,19050705
260,368,5,19050702
494,331,3,19050705
60,131,0,19050708
365,219,1,19050705
98,141,8,19050702
467,152,7,19050702
374,282,8,19050706
127,87,8,19050704
297,73,3,19050710
300,177,5,19050707
276,173,3,19050708
164,234,8,19050710
175,399,7,19050711
9,441,1,19050708
166,493,1,19050703
198,156,0,19050710
334,203,4,19050708
80,232,8,19050705
371,364,5,19050702
144,73,5,19050705
391,101,2,19050705
212,245,5,19050708
476,225,2,19050709
360,441,3,19050702
110,384,9,19050707
24,262,1,19050711
363,331,7,19050706
399,470,0,19050708
53,412,1,19050711
271,346,2,19050711
431,166,5,19050703
205,360,7,19050711
376,118,5,19050708
453,427,9,19050702
86,151,6,19050709
433,292,7,19050704
377,270,3,19050708
104,156,4,19050709
102,35,6,19050709
152,218,9,19050707
106,119,9,19050708
183,221,8,19050710
360,88,8,19050702
457,388,8,19050711
464,249,4,19050702
49,150,5,19050705
259,127,7,19050711
356,23,7,19050710
245,373,6,19050710
220,89,9,19050709
228,27,7,19050711
121,450,8,19050707
78,240,2,19050706
42,224,4,19050711
480,55,1,19050702
386,127,7,19050708
464,249,2,19050706
240,316,5,19050711
200,303,5,19050703
256,77,6,19050711
427,364,7,19050707
99,68,7,19050703
367,127,6,19050706
360,387,3,19050711
186,246,4,19050707
37,342,5,19050709
412,470,2,19050705
154,106,5,19050708
162,76,7,19050711
286,338,6,19050704
443,474,4,19050711
105,44,9,19050707
436,159,5,19050704
306,301,0,19050705
271,355,4,19050708
405,353,9,19050707
222,304,4,19050703
192,435,7,19050703
234,344,8,19050710
35,58,4,19050702
252,27,9,19050703
27,123,6,19050704
238,329,3,19050705
253,280,6,19050711
7,483,1,19050706
445,491,5,19050708
354,119,8,19050705
191,447,8,19050707
142,222,4,19050705
71,419,8,19050709
313,323,7,19050706
358,407,7,19050704
4,399,2,19050702
344,257,9,19050703
172,357,3,19050702
227,389,8,19050706
386,314,2,19050704
228,152,4,19050709
150,446,9,19050705
298,448,5,19050705
114,274,7,19050708
474,322,6,19050706
342,46,8,19050702
192,79,5,19050708
117,312,5,19050710
271,113,9,19050711
269,190,3,19050710
465,273,8,19050704
420,1,5,19050702
407,3,5,19050708
188,232,6,19050707
331,420,5,19050711
291,426,4,19050705
378,10,8,19050703
76,169,4,19050707
111,304,6,19050711
182,385,3,19050702
240,479,9,19050709
409,485,5,19050704
107,191,4,19050710
3,191,0,19050703
25,155,4,19050708
401,343,4,19050708
146,67,9,19050709
286,270,7,19050708
462,305,9,19050706
259,73,2,19050705
227,177,9,19050708
421,393,7,19050708
200,135,3,19050711
373,263,4,19050711
276,277,4,19050708
377,112,5,19050703
253,163,9,19050710
129,321,2,19050711
78,133,9,19050707
82,212,4,19050707
61,46,2,19050704
27,385,3,19050703
337,227,9,19050710
116,200,2,19050708
38,467,6,19050709
421,236,6,19050708
240,225,6,19050703
402,2,4,19050709
143,204,8,19050711
386,411,4,19050706
183,383,3,19050705
290,301,9,19050705
60,184,5,19050709
159,193,7,19050710
474,114,5,19050706
165,295,9,19050703
287,168,2,19050708
452,72,3,19050707
405,213,7,19050709
1,377,7,19050710
39,78,3,19050702
83,162,3,19050708
416,25,1,19050707
450,155,8,19050706
265,200,1,19050704
257,213,5,19050707
207,169,8,19050707
390,41,7,19050702
173,223,7,19050710
210,372,7,19050707
238,35,1,19050708
273,175,2,19050703
482,145,1,19050707
497,117,7,19050706
429,323,4,19050709
189,447,4,19050711
99,463,2,19050709
143,36,9,19050708
32,259,3,19050704
298,400,3,19050710
197,3,0,19050704
312,362,3,19050707
369,192,8,19050708
270,299,1,19050708
94,62,9,19050702
33,378,1,19050707
49,178,8,19050710
13,371,0,19050708
306,154,7,19050706
409,46,7,19050703
55,485,9,19050702
330,451,4,19050706
309,7,3,19050710
467,499,0,19050710
110,182,1,19050708
181,492,3,19050709
10,134,5,19050709
158,2,6,19050711
61,243,6,19050704
97,255,9,19050709
285,66,2,19050711
34,478,5,19050705
27,288,9,19050707
134,20,4,19050705
358,211,0,19050711
167,278,8,19050706
332,386,5,19050702
302,496,6,19050711
324,360,5,19050707
378,83,6,19050702
400,383,5,19050708
466,265,1,19050711
60,115,9,19050705
4,30,6,19050710
460,379,1,19050711
332,233,9,19050705
310,178,9,19050708
58,235,7,19050706
162,495,9,19050711
405,130,1,19050709
104,278,1,19050708
218,10,7,19050709
